header:the word:turn with m length: 4

0th:shapelet	091-framindex:23690-offset:383-m_len:4--0.647929
	13	116	50	281	0	0	52	125	5	97	195	152	105	85	130	115	54	44	170	51	43	118	40	9	166	258	244	78	216	117	200	37	36	139	334	35	12	223	254	147	22	43	90	249	0	133	201	199	113	6	192	188	206	114	132	46	40	238	87	121	79	154	95	72	256	142	60	15	187	37	196	206	43	59	99	261	80	168	115	172	191	35	207	18	73	52	204	198	160	0	66	51	210	187	126	136	142	188	261	55	383	73	195	148	19	6	171	173	49	70	15	255	123	159	264	146	41	169	14	75	66	226	126	264	9	97	74	34	186	122	0	152	145	121	253	145	294	57	157	146	245	151	46	163	158	40	123	204	208	99	198	7	53	169	88	161	27	174	42	99	176	103	147	176	6	270	183	299	78

1th:shapelet	091-framindex:23690-offset:381-m_len:4--0.647929
	13	116	50	281	0	17	52	154	139	97	195	152	105	85	130	115	54	43	170	51	33	117	40	185	166	258	244	78	216	118	199	37	36	139	334	35	12	223	255	147	46	43	89	249	0	133	201	199	112	6	192	188	206	114	132	55	40	238	87	121	79	164	95	72	256	128	59	15	187	37	196	201	43	59	99	261	80	168	115	172	191	35	207	18	73	52	204	316	157	15	66	49	210	187	126	109	127	188	261	51	381	73	195	148	19	6	171	173	49	70	15	255	123	159	264	146	39	169	14	75	66	226	126	264	98	97	74	33	186	121	1	152	144	121	253	145	294	58	157	146	245	151	46	163	160	40	123	204	208	99	198	7	53	169	88	161	27	174	42	99	176	103	147	176	6	270	183	299	78

2th:shapelet	046-framindex:87056-offset:168-m_len:4--0.647929
	9	133	21	344	122	19	67	155	3	105	224	104	105	85	182	290	54	227	282	51	181	14	24	179	160	265	168	212	308	133	193	235	123	214	171	226	6	201	253	19	164	19	15	33	9	135	122	20	110	124	176	203	81	1	14	54	89	238	91	250	188	159	95	72	256	142	60	14	184	34	195	205	86	63	78	257	127	170	109	62	158	95	231	116	74	53	115	316	165	24	18	187	46	195	42	108	62	160	261	116	79	237	171	145	18	208	255	86	101	112	20	347	60	155	261	143	59	177	0	44	160	226	125	59	99	140	72	32	150	10	1	129	111	118	9	103	233	180	219	93	117	156	39	167	160	41	167	194	242	132	198	8	18	169	48	26	112	18	74	78	166	191	125	178	21	273	10	139	79

3th:shapelet	046-framindex:87056-offset:166-m_len:4--0.647929
	9	133	21	344	122	19	55	154	139	105	224	106	105	85	182	290	54	227	282	51	181	14	24	179	160	265	166	212	308	133	192	245	123	216	171	226	6	201	253	19	156	20	15	33	9	135	122	20	110	124	182	203	81	0	13	54	89	238	91	248	187	159	95	72	256	142	60	14	184	34	197	205	86	62	115	257	127	170	109	62	157	95	231	117	74	53	115	316	143	24	18	187	210	195	42	108	199	160	261	113	81	237	171	146	18	208	255	86	54	111	20	347	60	155	261	143	59	177	0	44	160	226	125	59	99	140	72	32	150	10	1	129	111	118	9	103	233	180	219	148	117	155	39	167	160	41	167	195	243	132	198	8	18	169	48	26	112	16	74	66	166	191	126	178	21	273	10	139	78

4th:shapelet	046-framindex:19333-offset:177-m_len:4--0.647929
	9	132	24	317	122	11	63	156	2	106	224	99	104	85	105	290	54	226	148	51	181	110	24	177	158	267	176	212	296	133	189	234	123	203	171	225	7	195	253	1	168	19	16	32	102	134	121	14	109	124	176	193	81	1	15	55	0	236	91	245	53	150	93	72	256	142	61	15	184	34	197	205	44	55	78	254	126	170	109	61	158	95	207	117	62	52	116	316	144	26	17	187	46	195	42	107	200	153	261	117	80	237	171	146	17	267	255	97	49	146	18	347	60	154	33	143	107	178	15	18	160	226	125	59	99	112	163	29	141	9	1	39	143	118	9	102	105	204	219	43	117	148	39	62	160	41	165	192	242	131	213	8	18	43	149	26	146	21	23	195	161	137	126	178	117	271	10	138	175

5th:shapelet	050-framindex:774-offset:85-m_len:4--0.647929
	109	85	187	77	78	187	0	46	198	60	113	1	237	32	0	96	60	173	265	195	128	188	55	107	141	187	45	8	243	105	115	95	50	75	124	190	113	313	44	69	168	139	119	196	48	51	97	116	10	84	264	0	86	0	33	23	16	191	115	70	132	32	85	16	231	26	25	89	240	90	18	89	98	200	62	210	93	179	28	137	377	202	175	169	164	93	149	240	32	164	89	232	60	206	97	33	76	122	39	159	173	185	66	51	258	243	92	129	123	10	136	300	88	94	272	154	203	54	24	33	179	220	82	50	91	30	98	132	50	108	122	142	219	100	3	1	114	0	248	157	65	16	140	20	128	62	176	320	101	286	225	54	3	97	215	7	188	204	83	135	235	94	74	70	102	194	1	201	291

6th:shapelet	091-framindex:23690-offset:389-m_len:4--0.650888
	13	116	50	276	0	0	51	154	139	97	195	152	105	85	129	115	54	44	171	51	33	119	39	9	166	258	244	78	216	118	199	37	36	139	335	35	12	223	255	147	46	43	90	249	0	133	201	199	112	6	192	188	205	114	132	46	39	238	87	121	79	154	95	72	256	142	60	15	187	37	196	206	43	58	99	260	80	168	115	172	191	35	207	17	73	52	204	198	160	0	66	51	210	186	126	136	126	188	261	55	389	73	195	148	19	6	171	173	49	70	15	255	123	159	264	146	40	169	14	75	66	226	126	264	98	95	73	32	186	123	0	152	145	123	253	145	294	57	157	146	245	151	46	163	158	40	122	204	208	99	198	7	53	169	88	161	27	174	42	99	176	103	147	176	7	270	183	298	77

7th:shapelet	091-framindex:23690-offset:390-m_len:4--0.653846
	13	116	50	276	0	17	52	154	139	97	195	152	105	85	129	115	54	43	171	51	186	117	39	185	166	258	244	78	216	118	199	37	36	139	335	35	12	223	255	139	47	42	90	249	0	133	201	199	112	6	194	188	206	114	132	55	40	238	86	121	79	164	95	72	256	126	60	15	187	37	196	206	43	58	99	260	80	168	115	172	191	35	207	17	73	52	204	316	159	0	66	51	210	186	126	109	126	155	261	51	390	73	195	148	19	6	171	173	49	70	15	255	123	159	264	146	38	169	12	75	66	226	126	264	98	95	73	12	186	5	0	152	144	120	253	145	294	57	157	146	245	151	45	163	159	40	122	204	208	99	198	7	53	168	88	161	27	174	42	99	176	103	147	176	7	270	183	299	26

8th:shapelet	091-framindex:23690-offset:382-m_len:4--0.653846
	13	116	50	281	0	0	52	154	139	97	195	152	105	85	130	115	54	43	170	51	43	118	40	9	166	258	244	78	216	117	199	37	36	139	334	35	12	223	255	147	46	43	90	249	0	133	201	199	112	6	192	188	206	114	132	46	40	238	87	121	79	155	95	72	256	142	60	15	187	37	196	201	43	59	99	261	80	168	115	172	191	35	207	18	73	52	204	198	159	15	66	49	210	187	126	136	127	188	261	51	382	73	195	148	19	6	171	173	49	70	15	255	123	159	264	146	40	169	14	75	66	226	126	264	98	97	74	33	186	122	0	152	145	121	253	145	294	58	157	146	245	151	46	163	160	41	123	204	208	99	198	7	53	169	88	161	27	174	42	99	176	103	147	176	6	270	183	299	78

9th:shapelet	091-framindex:23690-offset:391-m_len:4--0.659763
	13	116	47	278	112	17	52	154	139	84	195	152	105	85	128	116	54	43	168	51	186	20	39	185	166	258	243	78	216	127	190	37	120	139	328	35	12	97	255	139	47	20	90	249	0	133	201	199	111	125	194	188	26	115	132	56	40	238	85	240	70	164	93	72	256	126	60	15	187	37	196	206	43	58	99	260	80	168	115	172	191	35	208	18	73	52	115	316	54	12	165	51	210	186	126	108	126	155	261	51	391	73	195	148	18	6	171	173	49	70	15	255	123	159	204	86	38	169	12	75	159	226	126	264	98	96	73	6	186	5	0	39	143	119	253	145	294	57	157	146	245	151	44	163	160	40	122	195	208	102	199	7	53	154	88	161	27	0	42	99	166	103	147	176	7	270	183	299	26

header:the word:turn with m length: 5

0th:shapelet	091-framindex:23690-offset:389-m_len:5--0.647929
	14	116	49	277	0	17	51	154	139	96	195	151	105	84	128	114	54	43	170	50	32	118	39	184	166	257	243	78	216	118	198	36	36	138	334	35	11	106	254	138	46	42	88	249	0	133	201	198	111	5	192	188	205	114	132	55	39	238	85	121	78	162	94	72	255	126	59	14	187	37	196	205	43	57	98	260	80	167	115	172	191	35	207	16	72	51	204	315	159	15	66	50	209	185	125	136	125	187	260	52	389	73	195	147	18	5	170	173	48	69	15	255	122	159	263	145	39	169	12	75	67	226	126	263	8	95	73	10	186	122	0	151	144	121	252	144	293	57	156	146	244	151	45	163	158	40	122	203	207	99	198	7	53	151	87	161	27	173	41	98	175	103	146	176	6	270	182	298	77

1th:shapelet	091-framindex:23690-offset:388-m_len:5--0.647929
	13	116	50	277	0	0	51	125	18	97	195	151	105	84	128	114	54	43	170	50	32	119	39	8	166	257	243	78	216	117	199	36	36	138	334	35	11	105	254	138	46	42	88	249	0	133	201	198	111	5	192	188	204	114	131	45	39	238	86	121	78	154	94	72	255	142	59	14	187	37	196	205	43	57	98	260	80	167	115	172	191	35	207	16	72	51	204	198	160	0	66	50	209	186	125	136	141	187	260	52	388	73	194	147	19	5	170	173	48	70	15	255	122	159	263	145	39	169	11	75	67	226	126	263	8	95	73	31	186	122	0	151	145	121	252	144	293	57	157	146	244	151	46	163	157	40	122	203	207	99	198	7	53	168	87	161	27	173	41	98	175	103	146	176	6	270	182	298	77

2th:shapelet	091-framindex:23690-offset:380-m_len:5--0.647929
	32	116	49	280	0	18	51	154	139	96	194	151	105	84	129	114	54	43	169	50	185	117	39	184	166	257	243	78	216	118	198	36	36	138	334	35	11	222	254	146	22	42	88	249	0	133	201	199	112	5	191	188	205	114	131	55	40	238	86	121	78	162	94	72	255	127	59	14	187	37	196	201	43	59	98	260	80	167	115	171	191	34	207	17	72	52	204	316	157	15	66	50	209	187	125	109	126	154	260	52	380	73	195	148	18	5	170	173	48	70	14	255	122	159	263	145	39	169	13	75	67	226	126	263	8	95	73	31	185	122	0	151	144	121	252	144	293	57	157	146	244	151	45	163	160	40	123	203	207	99	198	7	56	168	87	161	27	22	41	98	176	103	148	176	6	270	182	298	27

3th:shapelet	046-framindex:87056-offset:169-m_len:5--0.647929
	9	132	21	343	121	18	66	154	2	104	224	104	104	84	183	290	54	226	168	50	181	109	23	177	160	264	169	212	307	133	192	235	122	215	171	225	5	200	252	19	163	19	15	40	8	134	121	20	109	124	176	202	81	0	13	54	89	237	34	250	188	159	94	72	255	142	60	13	183	33	196	206	86	62	78	256	127	169	109	61	157	94	230	116	73	53	117	316	142	25	17	187	46	194	42	107	62	154	152	116	79	237	170	145	18	207	255	86	101	111	19	346	60	154	261	143	58	178	0	43	160	226	125	59	107	140	72	31	140	9	1	128	110	117	8	102	233	180	219	93	117	158	39	166	160	40	166	194	242	131	198	7	18	169	47	27	111	20	73	78	165	191	125	177	117	273	10	139	78

4th:shapelet	046-framindex:87056-offset:168-m_len:5--0.647929
	9	132	21	343	121	18	66	154	2	104	224	105	104	84	182	290	54	226	168	50	181	109	23	178	160	264	168	212	307	133	192	235	122	214	171	225	6	200	252	19	163	19	15	33	8	134	121	20	109	124	176	202	81	0	13	54	89	237	92	248	188	159	94	72	255	142	60	13	184	34	196	206	86	62	78	256	127	169	109	61	157	94	230	116	73	53	117	316	142	24	17	187	46	194	42	108	62	154	260	114	79	237	170	145	18	207	255	86	100	111	18	346	60	154	261	143	58	177	0	43	160	226	125	59	107	140	72	31	149	9	1	128	110	117	8	102	233	180	219	147	117	158	39	166	160	40	166	194	242	131	198	7	18	169	47	27	111	20	73	77	165	191	125	177	21	272	10	139	78

5th:shapelet	046-framindex:19333-offset:177-m_len:5--0.647929
	9	131	23	317	121	11	63	154	1	106	224	102	104	84	104	290	54	226	167	50	180	109	23	177	158	264	169	212	296	133	190	234	123	204	171	224	6	195	253	19	41	18	15	31	102	133	121	14	108	124	176	192	81	0	13	55	0	236	90	244	53	151	93	72	255	142	60	14	183	33	196	205	44	55	77	254	126	169	109	61	158	93	206	116	61	52	117	315	144	25	16	187	45	194	42	107	199	153	260	116	80	236	170	146	16	267	255	97	48	146	18	346	60	154	32	143	107	178	14	18	159	225	125	59	106	112	162	28	140	9	0	39	142	117	8	102	104	203	219	43	117	148	39	62	160	40	165	192	241	130	211	7	18	150	147	27	145	20	23	195	162	137	125	177	117	270	10	139	175

6th:shapelet	050-framindex:774-offset:84-m_len:5--0.647929
	108	84	186	76	77	186	0	192	197	59	113	45	236	34	0	96	60	173	264	195	128	188	55	105	141	163	45	7	242	305	114	95	49	75	124	190	113	314	43	69	167	138	118	196	47	50	96	115	9	83	263	0	85	0	32	23	15	191	115	70	131	87	84	15	230	26	24	89	239	89	27	89	96	200	61	209	93	178	28	136	377	201	175	168	163	92	148	239	32	164	88	232	60	205	97	33	76	121	38	159	173	184	66	50	257	243	91	128	123	10	135	299	87	136	272	154	203	53	24	32	178	219	81	49	90	29	96	130	50	108	121	141	218	99	3	0	113	211	248	157	64	15	45	20	127	61	175	320	101	286	224	54	2	96	214	7	188	203	82	135	220	94	73	69	101	194	0	201	290

7th:shapelet	091-framindex:23690-offset:381-m_len:5--0.650888
	32	116	50	280	0	0	51	154	139	97	195	151	105	84	129	114	54	43	169	50	33	117	40	184	166	257	243	78	216	117	199	36	36	139	334	35	11	222	254	147	45	42	88	249	0	133	201	198	112	5	191	188	205	114	131	55	40	238	87	121	78	162	94	72	255	128	59	14	187	37	196	201	43	59	98	260	80	167	115	172	191	34	207	17	72	52	204	316	157	15	66	50	209	186	125	109	126	187	260	52	381	73	194	148	18	5	170	173	48	70	14	255	122	159	263	145	39	169	13	75	67	226	126	263	8	96	73	33	186	122	0	151	144	121	252	144	293	57	157	146	244	151	45	163	160	40	123	203	207	99	198	7	53	168	87	161	27	173	41	98	175	103	148	176	6	270	182	298	77

8th:shapelet	091-framindex:23690-offset:390-m_len:5--0.653846
	14	116	47	277	0	18	51	154	138	83	194	151	105	84	128	115	54	43	168	50	185	19	39	184	166	257	243	78	216	118	189	36	119	138	334	35	11	107	254	138	46	20	88	249	0	133	201	198	110	124	194	188	206	114	132	55	39	238	84	239	70	164	94	72	255	126	59	15	187	37	195	205	43	57	98	260	80	167	115	172	191	35	207	17	72	51	204	315	157	12	164	50	209	185	125	108	125	154	260	52	390	73	195	147	18	5	170	173	48	69	16	255	122	159	203	85	38	169	11	75	67	226	126	263	98	95	73	10	186	5	0	151	143	119	252	144	294	57	156	146	244	151	43	163	159	39	122	201	207	101	198	7	53	153	87	161	27	0	41	98	175	102	146	176	7	270	182	298	25

9th:shapelet	091-framindex:23690-offset:382-m_len:5--0.653846
	13	116	50	280	0	0	51	154	139	97	195	151	105	84	130	114	54	43	170	50	33	118	39	8	166	257	243	78	216	117	199	36	36	139	334	35	11	98	254	147	45	42	88	249	0	133	201	198	112	5	191	188	205	114	131	45	39	238	87	121	78	154	94	72	255	142	59	14	187	37	196	201	43	59	98	260	80	167	115	172	191	35	207	17	73	51	204	198	159	15	66	50	209	187	125	136	141	187	260	52	382	73	194	148	19	5	170	173	48	70	14	255	122	159	263	145	40	169	13	75	67	226	126	263	8	97	73	33	186	122	0	151	144	121	252	144	293	57	157	146	244	151	45	163	160	40	123	203	207	99	198	7	56	168	87	161	27	173	41	98	175	103	148	176	6	270	182	298	77

header:the word:turn with m length: 6

0th:shapelet	046-framindex:87056-offset:179-m_len:6--0.647929
	8	132	21	342	121	17	66	153	138	103	223	104	104	84	182	290	54	225	167	49	181	13	23	177	159	264	179	212	307	156	190	235	121	214	170	226	6	199	251	18	162	19	14	33	7	134	120	19	108	123	176	202	81	0	12	54	89	237	104	247	188	158	94	71	254	141	59	13	183	33	195	331	84	62	77	256	127	168	109	61	157	95	229	115	73	52	117	315	164	24	18	187	45	194	39	107	62	153	151	114	79	236	170	145	17	206	255	86	100	110	18	317	60	154	261	143	57	178	0	18	159	225	125	58	107	139	72	30	148	9	0	128	109	117	7	101	232	180	219	146	116	160	39	165	160	35	165	193	241	130	197	6	17	42	48	26	111	16	72	64	165	191	123	177	116	272	9	138	78

1th:shapelet	046-framindex:87056-offset:175-m_len:6--0.647929
	8	132	21	342	121	17	65	154	1	103	224	102	104	84	183	290	54	225	167	49	181	108	23	177	159	264	175	212	308	156	190	235	121	214	170	226	5	199	251	18	166	19	14	41	7	133	120	19	108	123	176	202	81	0	12	54	89	237	33	248	191	159	94	71	254	141	59	12	183	33	195	205	83	62	77	256	127	168	109	60	157	93	229	115	73	52	117	315	164	24	17	187	45	194	42	107	62	153	151	114	78	236	170	145	17	266	255	86	100	111	18	317	60	154	261	143	57	178	0	18	159	225	125	58	107	139	72	30	148	9	0	128	109	117	7	101	233	180	219	93	116	159	39	165	160	34	165	192	241	130	197	6	17	42	47	26	111	19	72	75	164	191	123	177	116	272	9	138	78

2th:shapelet	046-framindex:87056-offset:168-m_len:6--0.647929
	8	131	21	342	120	17	65	154	1	103	224	104	104	83	182	290	54	225	167	49	181	108	22	177	160	264	168	212	307	133	191	244	121	214	170	224	6	200	251	18	162	155	14	41	7	133	120	18	108	123	176	202	81	0	12	54	91	237	91	248	187	158	94	71	254	141	59	12	183	33	195	205	84	61	77	256	127	168	109	61	157	93	229	115	73	52	117	315	142	24	17	187	45	193	42	107	62	153	151	114	78	236	170	145	17	206	255	86	100	110	18	317	60	154	261	143	57	177	0	90	159	225	125	58	107	139	114	30	139	9	0	128	109	117	7	101	232	180	219	93	116	157	39	164	160	39	165	193	241	130	197	6	17	168	47	26	111	19	72	77	164	191	124	177	20	272	9	138	78

3th:shapelet	046-framindex:87056-offset:167-m_len:6--0.647929
	8	131	21	342	120	17	65	154	1	103	223	104	104	83	182	290	54	225	167	49	181	13	22	177	160	264	167	212	306	133	190	244	121	214	170	224	6	200	251	18	162	155	14	31	7	133	120	18	108	123	177	202	81	0	12	54	91	237	91	248	187	158	94	71	254	141	59	12	183	33	195	205	84	61	77	256	127	168	109	61	157	93	229	115	73	52	117	315	142	24	17	187	45	193	42	107	62	153	151	114	78	236	170	145	17	206	255	85	100	110	18	317	60	154	261	143	57	177	0	90	159	225	125	58	107	139	114	30	139	9	0	128	109	117	7	101	232	180	219	93	116	157	39	163	160	39	165	193	242	130	197	6	17	168	47	26	111	16	72	76	164	191	124	177	20	271	9	138	78

4th:shapelet	091-framindex:23690-offset:388-m_len:6--0.650888
	14	116	49	276	0	15	51	153	138	96	194	150	105	83	127	114	47	43	169	159	32	117	39	7	166	256	242	78	216	117	197	35	36	137	334	35	10	105	253	137	45	42	88	249	0	133	201	197	110	4	192	189	204	114	131	51	38	238	85	238	78	162	93	71	254	126	59	13	186	36	194	204	42	57	98	259	79	166	114	171	191	34	207	16	71	50	203	314	159	0	66	49	208	184	124	136	125	187	259	52	388	72	194	147	18	4	169	172	47	68	15	255	121	159	262	144	39	169	11	91	66	226	126	262	7	95	73	9	186	123	0	150	144	121	251	143	293	56	164	146	243	151	44	163	157	38	122	202	207	99	198	6	53	151	86	161	26	172	41	97	175	102	146	176	6	268	181	297	25

5th:shapelet	091-framindex:23690-offset:381-m_len:6--0.650888
	31	116	49	281	0	17	51	153	138	97	194	150	105	127	129	114	54	43	169	159	32	117	39	7	166	256	243	78	216	117	198	35	36	138	334	35	10	98	253	147	44	42	88	249	0	133	201	198	111	4	192	188	204	114	131	51	39	238	86	238	77	162	93	71	254	127	59	13	186	36	196	203	42	58	97	259	79	166	115	171	191	34	207	16	72	50	204	316	157	14	66	49	208	186	124	109	140	186	259	52	381	73	192	147	18	4	170	172	47	69	14	255	121	159	263	145	39	169	12	91	66	226	126	262	8	95	73	32	186	121	0	150	144	121	251	143	292	57	156	146	243	151	44	163	160	38	123	202	207	99	198	6	55	167	86	161	26	173	41	97	175	102	147	176	6	268	181	297	77

6th:shapelet	046-framindex:87056-offset:169-m_len:6--0.650888
	8	131	21	342	120	17	65	154	1	103	224	104	104	83	182	290	54	225	167	49	181	108	23	177	159	264	169	212	308	156	190	235	121	214	170	224	5	199	251	18	163	155	14	41	7	133	120	18	108	123	176	202	81	1	12	54	90	237	33	248	190	159	94	71	254	141	59	12	183	33	195	205	84	61	77	256	127	168	109	61	157	93	229	115	73	52	117	315	142	24	17	187	45	193	42	107	62	153	151	114	78	236	170	145	17	206	255	85	100	111	18	317	60	154	261	143	57	178	0	18	159	225	125	58	107	138	114	30	139	9	0	128	109	117	7	101	233	180	219	93	116	157	39	164	160	39	165	192	241	130	197	6	17	168	47	26	111	19	72	77	164	191	124	177	20	272	9	138	78

7th:shapelet	091-framindex:23690-offset:390-m_len:6--0.653846
	14	116	45	276	112	17	51	153	138	83	194	103	105	83	127	114	54	43	166	49	185	19	39	184	166	263	241	78	216	126	189	35	120	137	334	35	10	189	253	138	45	19	88	249	0	133	202	197	109	123	192	188	205	114	131	55	38	238	84	238	69	164	93	70	254	125	59	15	186	36	194	205	42	57	98	259	79	167	113	171	191	23	208	16	72	50	115	314	53	11	164	49	208	184	124	108	125	153	259	51	390	72	195	146	17	205	169	173	47	68	15	255	121	159	202	84	35	169	11	91	159	27	125	262	98	94	72	9	125	4	0	39	107	119	251	143	293	57	156	145	243	157	42	163	158	38	122	192	207	101	199	6	53	153	86	161	26	0	41	97	164	54	145	176	6	269	181	297	25

8th:shapelet	091-framindex:23690-offset:389-m_len:6--0.656805
	13	116	48	276	0	17	51	153	138	83	194	150	105	83	127	114	47	43	168	49	185	117	39	184	166	256	242	78	216	118	188	35	36	137	334	35	10	106	253	137	45	41	88	249	0	133	201	197	110	123	192	188	205	114	131	55	38	238	83	238	70	162	93	70	254	125	59	14	186	36	194	204	42	56	98	259	79	167	114	171	191	34	207	16	71	50	203	314	159	11	66	49	208	184	123	108	125	153	259	51	389	72	195	146	17	4	169	172	47	68	15	255	121	159	202	84	38	169	11	91	66	27	125	262	7	94	72	9	186	4	0	150	143	121	251	143	293	56	156	145	243	157	42	163	158	38	122	201	207	99	198	6	53	151	86	161	26	0	41	97	174	101	145	176	6	268	181	297	24

9th:shapelet	091-framindex:23690-offset:391-m_len:6--0.659763
	15	115	63	276	112	17	52	153	137	82	190	54	126	83	107	129	54	43	166	50	184	21	20	183	166	267	74	78	216	127	188	36	120	224	172	35	10	222	254	139	46	19	88	19	0	133	201	197	109	124	192	185	205	132	136	56	39	243	84	237	67	165	93	71	255	165	59	17	194	44	194	204	145	57	98	158	322	168	113	171	158	24	208	17	71	50	128	327	57	10	164	50	209	184	125	111	199	152	259	56	391	114	200	147	17	5	170	177	81	68	16	255	122	159	202	84	34	167	12	43	159	27	131	262	184	94	72	19	153	6	0	39	107	105	251	144	205	58	156	145	244	157	46	163	159	38	122	180	189	71	200	6	62	153	87	41	49	0	41	97	164	54	149	176	7	266	182	297	29

header:the word:turn with m length: 7

0th:shapelet	046-framindex:87056-offset:171-m_len:7--0.647929
	8	130	21	317	120	16	64	153	1	103	223	103	104	83	182	290	153	225	166	48	181	107	21	176	159	264	171	211	307	155	190	235	120	213	169	225	5	198	250	17	165	154	13	42	6	133	120	18	107	122	176	201	81	0	11	54	90	237	33	248	190	158	93	71	253	140	58	11	182	32	195	205	83	61	77	256	126	168	109	60	156	93	228	114	72	51	116	315	142	23	17	187	45	193	42	107	61	152	151	114	77	236	170	145	17	265	255	85	99	110	17	317	60	154	261	143	56	177	0	18	159	224	125	58	106	138	114	29	139	8	0	127	109	117	6	100	233	180	219	93	116	158	39	163	160	34	165	192	241	129	197	5	17	168	47	26	110	18	71	75	163	191	123	177	117	271	8	137	175

1th:shapelet	046-framindex:87056-offset:167-m_len:7--0.647929
	8	130	21	341	120	16	64	153	1	103	223	103	104	83	182	290	54	225	166	48	181	107	21	177	159	264	167	211	307	153	190	244	120	213	169	225	5	199	250	17	161	154	13	33	6	133	120	18	107	122	177	201	81	0	11	54	90	237	91	248	188	157	93	71	253	140	58	11	182	32	195	205	83	60	76	256	126	167	109	60	156	93	228	114	72	51	116	315	142	23	17	187	207	193	42	107	61	152	151	113	78	236	170	145	17	205	255	85	99	110	17	317	60	154	261	143	56	177	0	90	159	224	125	58	106	138	114	29	138	8	0	127	109	117	6	100	232	180	219	93	115	156	39	163	160	38	165	192	241	129	197	5	16	167	47	26	110	18	71	76	164	191	123	177	19	271	8	137	77

2th:shapelet	046-framindex:87056-offset:180-m_len:7--0.650888
	8	132	21	341	121	17	66	154	138	103	223	100	104	83	180	289	54	224	166	10	210	11	21	177	158	264	180	211	309	156	190	244	123	215	170	225	6	198	251	17	161	19	14	32	7	134	120	21	108	122	177	202	81	0	12	54	90	246	103	244	190	157	93	71	253	140	58	12	183	33	196	330	83	61	131	256	126	168	109	60	156	95	228	115	73	51	116	315	164	24	18	187	45	194	39	107	62	152	189	113	78	236	170	145	17	206	255	85	100	109	18	317	60	173	261	143	57	177	14	18	159	224	125	59	107	139	71	29	148	8	0	127	109	117	6	101	232	180	219	146	116	160	39	164	160	32	165	192	242	232	197	6	17	41	47	26	111	16	72	64	165	192	117	178	117	272	8	137	78

3th:shapelet	046-framindex:87056-offset:170-m_len:7--0.650888
	8	130	21	321	120	16	64	153	1	103	223	103	104	83	183	290	153	225	166	48	181	107	21	176	159	264	170	211	307	153	190	235	120	213	169	225	5	198	250	17	165	154	13	41	6	133	120	18	107	122	176	201	81	0	11	54	90	237	33	248	190	158	93	71	253	140	58	11	182	32	195	205	83	61	77	256	126	168	109	60	156	93	228	114	72	51	116	315	142	23	17	187	45	193	42	107	61	152	151	114	77	236	170	145	17	205	255	85	99	110	17	317	60	154	261	143	56	177	0	18	159	224	125	58	106	137	114	29	139	8	0	127	109	117	6	100	232	180	219	93	116	158	39	163	160	35	165	192	241	129	197	5	16	167	46	26	110	18	71	75	163	191	123	177	19	271	8	137	77

4th:shapelet	046-framindex:87056-offset:169-m_len:7--0.650888
	8	130	21	321	120	16	64	153	1	103	223	103	104	83	182	290	153	225	166	48	181	107	21	176	159	263	169	211	307	153	190	235	120	213	169	225	5	198	250	17	165	154	13	40	6	133	120	18	107	122	176	200	81	0	11	54	90	237	91	248	190	158	93	71	253	140	58	11	182	32	195	205	83	61	77	256	126	168	109	60	156	93	228	114	72	51	116	315	142	23	17	187	45	193	42	107	61	152	151	114	77	236	170	145	17	205	255	85	99	110	17	317	60	154	261	143	56	177	0	18	159	224	125	58	106	137	114	29	138	8	0	127	109	117	6	100	232	180	219	93	116	158	39	163	160	35	165	192	241	129	197	5	16	167	47	26	110	18	71	75	163	191	123	177	19	271	8	137	77

5th:shapelet	046-framindex:87056-offset:168-m_len:7--0.650888
	8	130	21	341	120	16	64	153	1	103	223	103	104	83	182	290	54	225	166	48	181	107	21	177	159	263	168	211	307	153	190	245	120	213	169	225	5	199	250	17	165	154	13	38	6	133	120	18	107	122	177	200	81	0	11	54	90	237	91	248	188	158	93	71	253	140	58	11	182	32	195	205	83	60	77	256	126	167	109	60	156	93	228	114	72	51	116	315	142	23	17	187	45	193	42	107	61	152	151	114	78	236	170	145	17	205	255	85	99	110	17	317	60	154	261	143	56	177	0	90	159	224	125	58	106	137	114	29	138	8	0	127	109	117	6	100	232	180	219	93	116	158	39	163	160	38	165	192	241	129	197	5	16	167	47	25	110	18	71	78	163	191	123	177	19	271	8	137	77

6th:shapelet	050-framindex:774-offset:83-m_len:7--0.650888
	107	83	186	74	76	185	0	196	195	58	112	44	235	33	0	94	59	172	262	194	81	188	54	104	141	163	43	152	241	304	113	94	56	74	123	189	111	312	41	68	165	138	118	199	46	48	95	115	7	83	262	0	85	0	31	23	14	276	114	68	131	85	83	13	229	25	23	88	237	87	27	88	95	200	59	208	92	177	28	134	376	160	175	166	162	91	146	239	31	163	88	285	59	204	96	33	75	119	37	157	171	184	120	49	270	192	89	127	122	10	133	298	86	92	270	152	201	51	23	31	175	219	81	49	70	28	95	130	50	108	186	140	216	97	2	0	112	210	247	156	63	15	43	19	125	61	175	318	99	284	222	85	0	94	213	7	187	201	81	134	219	93	72	69	100	194	0	199	288

7th:shapelet	091-framindex:23690-offset:388-m_len:7--0.653846
	14	116	47	275	0	15	51	152	137	83	194	149	105	82	126	113	46	42	168	158	184	117	38	183	166	255	241	78	216	117	188	34	36	136	334	35	9	105	252	136	44	40	86	249	0	133	201	196	109	122	192	188	204	113	131	53	37	237	83	239	69	162	93	69	253	125	58	13	186	36	194	203	41	55	97	258	78	166	113	171	191	34	207	16	71	50	203	313	158	0	65	48	207	183	123	136	125	152	258	52	388	71	192	146	17	3	169	171	46	68	14	255	120	159	201	83	38	169	11	90	66	27	125	261	6	92	72	8	185	122	0	149	71	119	250	142	292	56	156	145	242	155	41	163	157	38	122	201	206	99	198	5	54	151	85	182	26	0	40	96	174	190	144	176	6	268	173	296	29

8th:shapelet	099-framindex:7410-offset:131-m_len:7--0.653846
	43	135	49	285	187	0	69	159	211	129	159	96	104	86	131	117	54	201	169	11	212	115	25	209	187	197	246	213	223	159	105	131	146	156	248	229	14	192	252	1	156	21	110	49	9	134	115	198	53	83	148	205	82	0	14	78	41	250	106	254	209	174	94	75	200	130	60	85	226	76	200	335	88	117	130	259	88	170	111	130	268	37	195	143	74	54	116	318	164	26	168	187	0	196	223	108	199	161	190	60	120	238	99	152	28	209	175	120	118	95	22	286	0	176	265	147	63	114	17	75	160	165	127	66	108	7	88	34	0	8	0	150	110	117	250	103	139	205	234	148	201	164	41	0	149	19	167	9	83	234	197	9	18	171	51	24	112	15	74	221	177	104	116	181	49	125	164	223	82

9th:shapelet	091-framindex:23690-offset:390-m_len:7--0.665680
	14	116	44	275	112	16	51	152	137	83	189	150	125	83	106	128	46	42	165	49	185	20	19	184	165	266	73	78	216	126	188	35	119	223	335	35	9	221	253	138	45	19	87	249	0	133	201	197	108	123	191	197	204	131	135	55	38	241	83	239	68	164	92	69	254	164	58	16	193	43	194	203	144	56	98	157	321	167	113	171	157	23	207	16	71	50	127	326	56	9	164	49	208	183	124	110	167	152	258	54	390	113	199	146	16	4	169	176	80	68	15	255	121	159	201	83	31	171	11	42	158	26	130	261	136	92	72	18	152	5	0	39	106	105	250	143	204	57	156	144	243	156	45	163	158	37	122	179	188	70	199	5	61	153	86	40	48	0	40	96	163	53	148	176	6	265	181	296	28

header:the word:turn with m length: 8

0th:shapelet	046-framindex:87056-offset:167-m_len:8--0.647929
	8	129	21	340	119	15	63	153	1	103	222	102	104	82	183	289	153	224	165	146	181	106	20	177	159	263	167	210	306	152	190	244	119	212	169	224	4	197	250	16	164	153	12	37	5	133	119	17	106	121	177	199	112	0	11	54	90	237	90	247	188	157	93	70	252	139	58	11	181	31	194	203	82	59	76	256	126	166	109	60	155	93	227	113	71	50	116	315	142	22	17	187	206	192	39	106	60	151	151	113	77	235	169	144	17	205	255	85	99	109	16	316	60	154	261	143	55	176	0	90	159	27	124	59	106	136	114	28	138	8	0	126	108	117	5	100	232	178	219	93	115	157	39	163	159	37	165	192	241	128	196	4	16	166	46	26	110	17	70	77	162	191	123	177	19	270	7	138	77

1th:shapelet	046-framindex:87056-offset:165-m_len:8--0.647929
	8	129	21	340	119	15	53	153	137	103	222	102	104	82	182	289	152	224	165	10	181	12	20	177	159	263	165	210	306	132	190	244	119	212	169	224	4	198	250	16	156	153	12	30	5	133	119	17	106	121	177	200	112	0	11	53	90	237	90	246	188	157	93	70	252	139	58	11	182	32	194	203	82	59	76	257	126	166	109	60	155	93	227	113	71	50	116	315	142	22	17	186	206	192	39	106	60	151	188	113	77	235	169	144	17	205	254	84	99	109	16	316	60	154	261	143	55	176	0	90	159	27	124	59	107	137	114	28	137	8	0	126	108	117	5	100	232	178	219	146	115	155	39	163	159	37	165	192	241	128	196	4	16	166	46	26	109	16	70	76	163	191	123	177	19	270	7	138	77

2th:shapelet	047-framindex:45008-offset:193-m_len:8--0.650888
	34	114	62	213	123	15	103	151	138	124	23	53	125	102	106	128	54	197	211	49	101	113	59	198	98	22	226	18	159	39	186	35	176	214	177	224	6	221	253	18	27	23	122	226	133	133	126	92	158	123	26	2	116	1	135	51	211	156	77	236	43	197	14	125	254	56	65	16	193	43	85	130	144	86	132	157	321	167	48	171	157	95	54	116	71	26	127	276	56	27	112	49	208	122	46	110	12	10	27	13	238	113	199	85	35	213	252	176	82	107	79	172	121	175	59	144	97	178	34	42	200	36	130	109	136	162	71	20	152	9	0	24	143	106	40	143	3	223	114	144	243	158	45	162	159	68	161	271	188	69	31	23	61	175	85	40	48	175	71	189	159	25	148	143	118	265	181	34	121

3th:shapelet	046-framindex:87056-offset:225-m_len:8--0.650888
	8	122	19	340	184	0	51	152	137	103	221	100	102	82	103	287	54	223	165	10	179	11	20	176	156	261	225	58	212	129	188	122	119	220	244	224	6	194	251	0	77	18	105	27	4	133	121	195	107	121	174	200	81	0	12	51	90	234	65	243	189	151	92	68	252	139	58	11	182	32	193	329	83	84	130	253	125	166	109	60	155	34	203	114	71	49	115	313	162	23	18	187	206	191	218	106	166	151	166	24	78	234	169	145	23	205	252	86	99	107	16	316	68	170	261	143	55	165	13	40	158	223	124	62	108	89	69	28	81	6	0	148	107	115	249	100	1	200	219	144	114	146	40	158	156	21	163	192	240	127	195	4	15	41	145	27	24	17	70	62	164	136	123	177	114	269	7	138	77

4th:shapelet	046-framindex:87056-offset:156-m_len:8--0.650888
	38	113	42	276	192	0	49	153	210	103	193	91	104	83	128	286	54	43	167	10	181	10	20	183	177	260	156	81	215	129	189	124	120	136	49	224	10	198	250	12	150	72	96	19	0	133	201	195	109	107	182	201	81	0	11	53	90	238	91	16	175	154	93	69	196	124	57	101	182	32	192	328	137	113	130	258	126	166	16	170	154	30	203	141	71	50	116	315	151	23	106	146	206	190	35	107	196	254	186	44	236	280	181	146	17	204	169	169	45	67	15	343	60	170	197	79	121	109	77	89	159	26	124	64	5	95	71	28	185	54	0	149	108	117	249	100	229	178	162	1	241	153	39	163	159	37	122	356	241	68	152	4	41	42	144	161	109	10	70	54	188	191	136	176	43	268	172	138	76

5th:shapelet	091-framindex:23690-offset:388-m_len:8--0.653846
	13	116	43	274	112	15	51	151	136	83	192	101	121	82	125	112	45	41	165	157	185	17	38	183	165	261	240	78	215	117	188	33	119	135	334	35	8	104	251	137	43	19	86	248	0	133	200	195	107	0	191	188	203	114	130	55	36	236	83	239	68	162	92	69	252	124	57	13	185	35	194	202	40	54	97	257	78	165	113	170	265	23	207	16	70	49	115	313	158	0	65	47	206	183	122	138	165	151	257	51	388	70	194	145	17	2	168	171	45	67	14	255	119	159	200	82	34	170	10	90	66	26	125	38	130	92	71	8	185	3	0	149	71	119	249	141	292	55	157	144	241	155	40	162	157	37	122	198	206	99	198	4	53	151	83	181	26	0	40	95	173	190	143	176	5	267	172	138	28

6th:shapelet	047-framindex:45158-offset:43-m_len:8--0.653846
	34	114	62	213	123	15	103	151	138	124	23	53	125	102	106	128	54	197	211	49	101	113	59	198	98	22	226	18	159	39	186	35	176	214	177	224	6	221	253	18	27	23	122	226	133	133	125	92	158	123	26	2	116	1	135	51	211	156	77	236	43	197	14	125	254	56	65	16	193	43	85	130	144	86	132	157	321	167	48	171	157	95	54	116	71	26	127	276	56	27	112	49	208	122	46	110	12	10	27	13	238	113	199	85	35	213	252	176	82	107	79	172	121	175	59	144	97	178	34	42	200	36	130	109	136	162	71	20	152	9	0	24	143	106	40	143	3	223	114	144	243	158	45	162	159	68	161	271	188	69	31	23	61	175	85	40	48	175	71	189	159	25	148	143	118	265	181	34	121

7th:shapelet	047-framindex:251252-offset:157-m_len:8--0.656805
	42	134	62	213	123	19	110	153	142	123	23	53	125	102	106	128	54	223	211	49	142	112	59	207	98	22	182	18	159	39	198	35	124	215	177	226	6	221	253	11	161	20	122	181	133	133	121	92	158	123	26	2	114	1	135	78	211	156	33	251	206	197	95	125	254	164	65	16	193	43	85	156	144	86	132	157	321	186	48	60	157	97	54	116	72	50	127	276	56	27	48	49	208	122	39	110	95	10	27	145	238	113	199	85	35	213	99	176	82	107	79	172	121	174	262	144	97	178	15	42	200	36	130	109	136	162	71	33	152	9	0	24	142	106	40	143	3	223	114	146	243	161	45	165	26	68	24	271	188	69	259	23	61	175	85	40	48	175	72	219	166	25	148	143	123	280	181	258	121

8th:shapelet	099-framindex:7410-offset:130-m_len:8--0.656805
	42	135	48	283	187	0	68	158	210	128	159	95	104	85	130	116	54	200	168	11	211	114	24	208	186	258	245	212	222	158	104	130	126	155	247	228	13	200	251	13	155	20	109	48	8	133	115	198	52	84	210	204	81	0	13	57	40	249	105	253	208	173	93	74	199	129	59	5	225	75	199	334	87	117	130	258	127	170	110	128	267	35	188	142	74	53	116	317	163	25	167	187	0	195	223	107	198	160	190	28	120	237	98	151	27	208	174	119	117	94	21	285	0	175	264	146	62	113	16	75	159	165	126	66	108	6	88	33	0	8	0	149	109	117	249	102	139	204	233	147	201	163	40	167	149	18	167	7	219	233	211	8	18	170	51	23	111	14	73	220	168	103	115	180	48	280	163	223	81

9th:shapelet	091-framindex:23690-offset:389-m_len:8--0.659763
	13	116	43	274	112	15	51	151	136	83	189	149	124	82	105	127	45	41	164	48	185	19	18	183	177	265	72	78	215	126	188	34	120	222	334	35	8	220	252	137	44	19	86	248	0	133	200	195	107	122	190	197	203	130	134	55	37	240	82	238	68	163	92	69	253	124	58	15	192	42	194	202	143	54	97	156	78	166	113	170	156	23	207	15	70	49	126	325	55	8	164	48	207	182	123	109	166	151	257	53	389	112	198	145	16	3	168	175	79	67	14	255	120	158	200	82	32	170	10	90	66	26	129	109	135	92	71	19	151	4	0	39	106	105	249	142	203	56	157	144	242	154	44	162	157	37	122	179	205	69	198	4	60	151	85	39	47	0	40	95	162	53	147	176	6	265	172	33	27

header:the word:turn with m length: 9

0th:shapelet	046-framindex:87056-offset:180-m_len:9--0.647929
	7	131	21	339	121	15	66	153	139	103	222	96	104	82	183	288	152	223	165	10	208	108	20	206	158	264	180	210	308	156	189	127	122	215	169	225	5	197	250	14	163	20	14	43	6	132	117	22	107	84	209	201	81	0	11	53	89	246	102	243	188	155	93	71	251	139	58	10	181	31	195	331	82	59	131	257	126	166	109	60	154	97	226	113	72	51	115	315	164	23	18	186	44	193	39	106	60	150	189	113	76	235	169	148	26	204	254	85	100	108	18	316	60	172	261	143	56	178	14	18	159	165	125	59	106	138	70	28	147	8	0	128	107	116	31	99	232	177	219	146	115	159	39	164	158	32	164	192	240	227	210	4	16	41	144	25	110	16	71	98	164	191	115	177	116	271	6	137	78

1th:shapelet	046-framindex:87056-offset:179-m_len:9--0.647929
	7	131	21	339	120	15	65	153	138	103	222	98	104	82	183	288	152	223	165	10	208	108	20	205	158	262	179	210	308	156	190	244	122	215	169	224	5	197	250	15	163	19	14	30	6	132	117	21	107	1	177	201	81	0	11	53	89	245	102	243	188	156	93	70	251	139	58	10	181	31	195	330	82	59	131	257	126	166	109	60	154	95	226	113	71	50	117	315	164	22	18	186	44	192	39	106	60	150	188	113	77	235	170	146	17	204	254	84	100	108	18	316	60	172	261	143	56	178	13	18	159	165	125	59	106	137	70	27	147	8	0	127	107	117	31	99	232	177	219	146	115	159	39	163	158	32	164	192	240	227	209	3	16	41	144	25	110	16	70	98	163	191	116	177	116	270	6	137	78

2th:shapelet	046-framindex:87056-offset:178-m_len:9--0.647929
	7	130	21	339	119	15	64	153	137	103	222	98	104	82	183	288	152	223	165	146	208	108	20	176	158	262	178	210	307	154	190	243	121	213	169	223	5	197	250	15	163	19	13	30	6	133	117	19	107	120	176	200	81	0	11	53	89	244	102	243	188	156	93	70	251	139	58	10	181	31	194	329	82	59	131	257	126	166	109	59	154	93	226	113	71	49	115	315	164	22	17	186	44	192	39	106	59	150	188	113	77	235	170	145	17	204	254	84	100	108	17	316	60	171	261	143	56	178	13	18	159	27	124	59	106	137	70	27	146	8	0	127	107	117	31	99	232	177	219	93	115	158	39	163	158	34	164	191	240	227	209	3	16	41	144	25	110	16	70	64	163	191	116	177	117	270	6	137	77

3th:shapelet	046-framindex:87056-offset:167-m_len:9--0.647929
	8	128	21	322	118	14	62	152	0	103	221	101	104	81	183	288	152	223	164	146	181	105	19	176	159	264	167	210	305	153	190	244	118	211	168	223	4	197	250	15	163	153	11	35	4	132	118	14	105	120	177	198	111	0	11	53	89	237	90	246	188	156	93	69	251	138	58	10	181	31	194	202	82	58	76	256	126	166	109	59	154	92	226	113	71	49	115	315	142	21	17	186	205	191	42	106	59	150	150	113	76	235	169	144	17	204	254	84	101	108	16	316	60	154	261	143	54	176	0	89	159	28	124	59	106	135	114	27	137	8	0	125	107	116	14	99	232	177	218	93	114	156	39	163	158	33	164	190	240	127	208	3	16	165	45	25	109	16	69	76	162	190	121	176	16	269	6	137	76

4th:shapelet	046-framindex:87056-offset:165-m_len:9--0.647929
	8	128	21	339	118	15	53	153	135	103	221	101	104	81	183	288	152	223	164	10	181	12	19	176	159	262	165	209	305	153	190	244	118	211	169	223	4	197	250	15	156	153	11	30	4	132	118	14	105	120	177	198	111	0	11	53	89	238	90	246	188	156	93	69	251	138	58	10	181	31	194	202	82	58	75	257	126	166	109	59	154	93	226	113	71	49	115	314	141	21	17	186	205	191	39	106	59	150	187	113	76	235	169	144	17	204	254	84	99	108	16	316	60	154	261	143	54	176	0	89	159	27	124	59	107	135	114	27	137	8	0	128	107	116	14	99	232	177	218	92	114	156	39	163	158	36	164	192	240	127	196	3	16	165	144	25	109	16	69	76	162	190	122	176	16	269	6	137	76

5th:shapelet	046-framindex:87056-offset:162-m_len:9--0.647929
	8	125	20	339	118	0	51	153	136	103	221	94	104	81	180	288	152	130	165	10	180	11	19	182	176	262	162	209	305	130	190	125	119	214	168	223	4	197	250	12	153	152	10	24	4	132	117	194	106	120	178	198	111	0	11	53	89	237	89	246	182	154	93	69	251	138	57	10	181	31	193	328	82	58	131	257	126	165	109	60	154	33	205	112	70	49	115	314	140	21	17	185	205	190	38	106	59	150	187	111	77	234	169	143	17	204	251	84	99	107	15	342	60	153	203	85	54	169	0	89	159	27	124	59	5	135	114	27	137	7	0	128	107	116	248	99	231	177	161	145	114	154	39	163	158	36	164	195	240	127	196	3	16	40	144	25	108	13	69	61	163	190	122	176	18	269	6	137	76

6th:shapelet	047-framindex:251252-offset:156-m_len:9--0.650888
	40	133	61	212	122	18	109	152	141	122	22	52	124	101	105	127	54	222	210	48	100	111	58	206	97	224	181	18	158	38	196	34	123	214	176	226	9	220	252	10	159	19	121	180	132	133	121	91	157	122	25	1	113	0	134	77	210	155	32	250	205	196	94	124	253	163	64	15	192	42	84	331	143	85	131	156	320	186	47	60	156	96	53	115	71	51	126	275	55	26	47	48	207	121	39	109	94	9	26	144	237	112	198	84	34	212	257	175	81	107	78	171	120	173	261	143	96	177	14	41	199	35	129	109	135	161	70	32	151	8	0	23	141	106	39	142	2	222	218	146	242	160	44	164	25	67	23	270	187	68	258	22	60	174	84	39	47	174	72	218	165	24	147	142	122	5	6	257	120

7th:shapelet	047-framindex:45158-offset:42-m_len:9--0.650888
	33	115	61	212	125	14	102	150	137	124	22	52	124	101	105	127	152	196	210	48	100	113	58	197	97	224	227	18	158	38	186	34	175	213	176	223	5	220	252	17	27	22	121	225	132	132	125	91	157	122	25	1	115	0	134	51	210	155	76	235	42	196	14	91	253	55	64	15	192	42	84	129	143	85	131	156	320	166	47	171	156	95	53	115	71	25	126	275	55	26	111	48	207	121	45	109	10	9	26	12	237	112	198	84	34	212	251	175	81	106	78	171	120	174	58	143	96	177	34	41	199	35	129	109	135	161	70	19	151	8	0	23	142	106	39	142	2	222	155	143	242	157	44	161	158	67	162	270	187	68	30	22	60	174	84	39	47	174	70	188	159	24	146	142	117	264	6	33	120

8th:shapelet	091-framindex:23690-offset:387-m_len:9--0.653846
	12	116	42	274	0	14	51	151	135	73	192	100	121	81	124	111	44	40	166	157	184	17	38	183	176	260	240	77	214	117	188	32	120	45	328	34	7	103	250	136	42	39	84	247	0	132	199	194	107	0	190	190	202	114	129	51	35	236	82	239	68	162	92	67	251	124	57	12	185	35	193	201	38	54	96	256	77	164	113	169	264	22	207	15	69	48	115	313	157	0	65	46	205	182	122	137	164	150	256	51	387	70	192	145	17	1	167	170	44	67	13	255	118	159	199	81	35	169	10	89	66	25	125	37	129	92	70	8	186	3	0	149	71	118	248	140	291	54	157	143	240	153	39	162	156	36	122	198	204	99	197	3	53	151	82	179	25	0	40	94	172	190	142	176	6	265	171	137	27

9th:shapelet	091-framindex:23690-offset:388-m_len:9--0.656805
	12	115	42	274	112	14	51	150	136	73	190	148	123	81	104	126	44	40	163	47	184	17	18	183	176	261	71	77	214	117	188	33	119	221	333	34	7	219	251	137	43	19	85	247	1	132	199	194	107	121	191	190	202	129	133	51	36	240	82	241	67	162	92	67	252	123	57	14	191	41	193	201	142	54	97	155	77	165	112	169	155	23	207	14	69	48	125	324	54	7	164	47	206	181	122	108	165	150	256	52	388	111	197	144	17	2	167	174	78	67	14	255	119	159	200	82	31	169	9	89	65	25	128	109	134	92	70	8	150	3	0	149	105	113	248	141	202	55	157	143	241	153	43	162	157	35	122	198	204	68	198	3	59	151	84	38	46	0	41	94	162	53	146	176	5	265	171	137	25

header:the word:turn with m length: 10

0th:shapelet	047-framindex:45008-offset:193-m_len:10--0.647929
	34	114	40	212	124	13	103	149	137	123	23	114	125	102	106	128	152	218	211	49	101	113	59	197	98	22	225	17	159	39	186	35	175	213	177	223	6	221	253	10	28	21	122	181	187	131	124	92	103	123	26	2	115	1	136	8	211	156	73	235	43	196	14	126	254	54	65	16	193	43	85	128	144	86	130	157	321	165	48	170	157	95	66	116	70	26	127	324	56	27	17	49	208	44	45	110	11	11	27	9	238	113	199	85	27	213	252	176	82	100	79	172	121	174	58	143	97	177	33	42	200	36	130	109	167	192	112	18	152	8	0	24	142	106	40	143	3	223	155	141	119	157	28	161	20	68	161	271	188	223	31	23	61	175	84	40	48	175	18	188	159	0	148	143	117	264	181	34	121

1th:shapelet	042-framindex:9844-offset:145-m_len:10--0.650888
	34	115	43	275	117	13	51	150	136	103	20	50	122	99	103	125	152	42	165	46	205	111	18	185	175	263	70	80	214	36	190	32	121	220	174	223	7	218	250	11	39	19	86	178	0	131	200	89	107	1	188	198	114	128	132	53	208	153	84	236	69	195	93	69	251	161	62	13	190	40	194	202	141	83	130	154	318	165	109	170	154	27	225	113	69	47	124	323	53	24	109	46	205	119	44	107	196	149	167	39	235	110	196	82	32	210	168	173	77	66	13	62	118	168	199	81	94	168	12	39	158	33	127	59	133	137	70	17	149	7	0	127	107	116	37	55	201	181	156	144	240	156	42	162	157	34	162	192	185	67	28	2	58	172	83	37	45	6	67	211	161	22	145	176	42	265	170	31	77

2th:shapelet	103-framindex:2142-offset:14-m_len:10--0.650888
	84	146	27	283	205	0	71	157	210	128	220	92	102	86	128	24	54	195	165	10	163	113	21	204	149	261	181	17	220	159	101	10	144	167	162	224	4	188	249	0	39	18	103	171	166	131	116	193	20	84	167	202	83	0	11	73	40	228	91	242	78	185	91	69	198	115	58	98	181	31	196	332	84	58	125	256	84	167	109	139	265	27	197	141	57	50	116	314	119	64	164	39	0	194	210	78	196	254	132	112	232	234	171	151	16	206	173	86	100	149	16	315	62	182	206	88	58	161	32	38	159	191	124	60	106	93	72	26	148	7	0	129	141	113	31	13	139	177	236	144	112	161	39	155	148	35	164	3	235	223	208	3	17	40	51	25	110	14	102	219	209	133	115	177	51	277	5	252	82

3th:shapelet	091-framindex:23690-offset:388-m_len:10--0.650888
	14	115	60	273	113	13	51	149	135	73	186	148	123	100	104	126	43	40	163	47	185	17	17	183	175	263	71	77	213	118	189	33	119	220	333	34	6	219	251	136	43	18	84	24	0	131	199	194	106	121	189	189	201	129	133	53	209	154	81	241	64	164	92	67	252	162	63	14	191	41	192	201	142	53	97	155	319	164	112	169	155	23	207	14	68	47	125	323	54	7	110	47	206	181	122	108	165	34	164	53	388	111	197	144	33	2	166	174	77	66	13	62	119	159	199	81	10	169	9	40	65	25	128	109	134	91	69	12	150	3	0	39	105	112	247	141	202	55	157	142	241	153	43	161	157	34	122	178	186	67	198	1	59	150	83	38	46	173	40	93	160	23	145	176	4	265	170	32	25

4th:shapelet	091-framindex:23690-offset:387-m_len:10--0.650888
	13	115	41	273	113	13	51	149	135	73	189	147	122	99	123	110	43	40	163	46	185	17	37	183	175	260	70	77	213	118	189	32	118	220	332	34	6	218	250	136	42	19	84	246	0	131	199	194	106	120	190	189	201	128	132	51	35	238	81	240	66	161	92	67	251	123	57	13	190	40	192	200	38	53	96	255	76	164	113	169	154	22	207	13	68	47	124	323	53	6	64	46	205	181	121	107	164	149	164	52	387	110	196	144	19	1	166	173	77	66	13	255	118	159	199	81	30	169	9	89	65	25	127	109	133	91	69	12	149	3	0	148	70	112	247	140	0	54	158	142	240	153	42	161	156	34	122	197	203	67	197	2	58	150	83	37	45	0	40	93	172	190	145	176	6	265	170	137	25

5th:shapelet	047-framindex:45158-offset:43-m_len:10--0.650888
	34	114	40	212	124	13	103	149	137	123	23	114	125	102	106	128	152	218	211	49	101	113	59	197	98	22	225	17	159	39	186	35	175	213	177	223	6	221	253	10	28	21	122	181	187	131	124	92	103	123	26	2	115	1	136	8	211	156	73	235	43	196	14	126	254	54	65	16	193	43	85	128	144	86	130	157	321	165	48	170	157	95	66	116	70	26	127	324	56	27	17	49	208	44	45	110	11	11	27	9	238	113	199	85	27	213	252	176	82	100	79	172	121	174	58	143	97	177	33	42	200	36	130	109	167	192	112	18	152	8	0	24	142	106	40	143	3	223	155	141	119	157	28	161	20	68	161	271	188	223	31	23	61	175	84	40	48	175	18	188	159	0	148	143	117	264	181	34	121

6th:shapelet	060-framindex:179168-offset:196-m_len:10--0.650888
	52	167	158	144	152	45	0	193	214	53	215	44	97	88	134	30	59	177	28	177	97	191	2	70	145	215	199	153	131	299	112	0	55	21	152	65	52	171	42	1	162	137	116	196	118	133	104	115	50	83	160	78	84	0	23	22	11	254	144	70	141	37	89	10	203	19	58	86	232	82	27	332	52	115	26	204	90	19	35	132	260	105	141	159	0	86	12	224	166	127	37	262	84	201	216	165	39	75	142	158	213	217	99	213	193	240	186	124	120	101	133	168	85	101	47	95	74	151	22	36	181	219	58	72	107	28	92	111	57	7	184	148	213	72	30	2	137	207	239	134	63	117	40	0	122	59	169	0	225	39	186	48	0	40	56	26	190	19	102	235	176	112	68	74	95	56	0	251	88

7th:shapelet	091-framindex:23690-offset:386-m_len:10--0.653846
	12	115	41	272	0	13	51	150	135	73	192	99	120	80	123	110	43	40	165	156	185	17	37	183	175	259	240	77	213	118	189	31	119	44	330	34	6	102	249	135	42	39	84	246	0	131	199	193	106	119	190	189	201	113	129	51	34	238	81	239	68	161	92	66	250	123	56	11	185	35	193	201	38	53	96	255	76	163	113	169	264	21	207	14	68	47	115	313	157	0	64	45	204	182	121	137	164	149	255	51	386	68	192	144	18	0	166	170	43	66	13	255	117	159	199	81	34	169	9	89	65	25	124	36	128	91	69	6	185	2	0	148	70	117	247	139	290	53	157	142	239	153	38	161	155	35	122	198	203	99	197	2	53	151	81	178	25	0	40	93	172	190	142	176	6	265	170	137	26

8th:shapelet	047-framindex:45008-offset:191-m_len:10--0.653846
	32	115	60	211	124	13	104	148	136	123	21	51	123	100	104	126	152	195	0	47	99	112	57	196	96	223	228	17	157	37	188	33	175	212	175	223	4	219	251	16	27	21	120	224	131	131	124	90	156	121	24	0	114	0	133	51	209	154	75	236	42	195	93	69	252	54	63	14	191	41	83	128	142	84	130	155	319	165	46	171	155	94	52	114	70	25	125	323	54	25	110	47	206	120	44	108	9	8	25	12	236	111	197	83	33	211	250	174	80	105	77	115	119	173	57	143	95	176	33	40	159	34	128	97	134	160	69	18	150	7	0	22	141	106	38	56	1	55	155	143	241	156	43	163	157	34	161	269	186	67	29	21	59	173	83	38	46	173	18	187	158	23	145	141	116	263	5	32	119

9th:shapelet	047-framindex:45158-offset:41-m_len:10--0.656805
	32	115	60	211	124	13	104	148	136	123	21	51	123	100	104	126	152	195	0	47	99	112	57	196	96	223	228	17	157	37	188	33	175	212	175	223	4	219	251	16	27	21	120	224	131	131	124	90	156	121	24	0	114	0	133	51	209	154	75	236	42	195	93	69	252	54	63	14	191	41	83	128	142	84	130	155	319	165	46	171	155	94	52	114	70	25	125	323	54	25	110	47	206	120	44	108	9	8	25	12	236	111	197	83	33	211	250	174	80	105	77	115	119	173	57	143	95	176	33	40	159	34	128	97	134	160	69	18	150	7	0	22	141	106	38	56	1	55	155	143	241	156	43	163	157	34	161	269	186	67	29	21	59	173	83	38	46	173	18	187	158	23	145	141	116	263	5	32	119

