
the test of word: snow, with lenth: 4, iters: 100, feature: 0
score:	0.500000
Locs:	245	232	313	217	183	413	299	343	368	20	21	201	279	0	251	24	32	148	294	0	244	78	321	91	339	136	223	192	265	152	348	167	266	321	123	233	102	228	167	306	359	263	263	363	357	244	125	209	0


the test of word: snow, with lenth: 4, iters: 100, feature: 0
score:	0.500000
Locs:	245	232	313	217	183	413	299	343	368	20	21	201	279	0	251	24	32	148	294	0	244	78	321	91	339	136	223	192	265	152	348	167	266	321	123	233	102	228	167	306	359	263	263	363	357	244	125	209	0


the test of word: snow, with lenth: 4, iters: 100, feature: 0
score:	0.500000
Locs:	245	232	313	217	183	413	299	343	368	20	21	201	279	0	251	24	32	148	294	0	244	78	321	91	339	136	223	192	265	152	348	167	266	321	123	233	102	228	167	306	359	263	263	363	357	244	125	209	0


the test of word: snow, with lenth: 4, iters: 100, feature: 0
score:	0.663265
Locs:	196	121	66	184	18	354	249	0	99	8	15	18	249	207	110	20	2	8	274	171	114	27	277	0	92	85	204	169	9	143	342	163	195	311	61	170	28	155	151	196	281	153	153	282	168	226	84	143	288


the test of word: snow, with lenth: 4, iters: 100, feature: 0
score:	0.500000
Locs:	245	232	313	217	183	413	299	343	368	20	21	201	279	0	251	24	32	148	294	0	244	78	321	91	339	136	223	192	265	152	348	167	266	321	123	233	102	228	167	306	359	263	263	363	357	244	125	209	0


the test of word: snow, with lenth: 4, iters: 100, feature: 0
score:	0.663265
Locs:	196	121	66	184	18	354	249	0	99	8	15	18	249	207	110	20	2	8	274	171	114	27	277	0	92	85	204	169	9	143	342	163	195	311	61	170	28	155	151	196	281	153	153	282	168	226	84	143	288


the test of word: snow, with lenth: 4, iters: 100, feature: 0
score:	0.500000
Locs:	245	232	313	217	183	413	299	343	368	20	21	201	279	0	251	24	32	148	294	0	244	78	321	91	339	136	223	192	265	152	348	167	266	321	123	233	102	228	167	306	359	263	263	363	357	244	125	209	0


the test of word: snow, with lenth: 4, iters: 100, feature: 0
score:	0.663265
Locs:	196	121	66	184	18	354	249	0	99	8	15	18	249	207	110	20	2	8	274	171	114	27	277	0	92	85	204	169	9	143	342	163	195	311	61	170	28	155	151	196	281	153	153	282	168	226	84	143	288


the test of word: snow, with lenth: 4, iters: 100, feature: 0
score:	0.500000
Locs:	245	232	313	217	183	413	299	343	368	20	21	201	279	0	251	24	32	148	294	0	244	78	321	91	339	136	223	192	265	152	348	167	266	321	123	233	102	228	167	306	359	263	263	363	357	244	125	209	0


the test of word: snow, with lenth: 4, iters: 100, feature: 0
score:	0.663265
Locs:	196	121	66	184	18	354	249	0	99	8	15	18	249	207	110	20	2	8	274	171	114	27	277	0	92	85	204	169	9	143	342	163	195	311	61	170	28	155	151	196	281	153	153	282	168	226	84	143	288


the test of word: snow, with lenth: 4, iters: 100, feature: 0
score:	0.500000
Locs:	245	232	313	217	183	413	299	343	368	20	21	201	279	0	251	24	32	148	294	0	244	78	321	91	339	136	223	192	265	152	348	167	266	321	123	233	102	228	167	306	359	263	263	363	357	244	125	209	0


the test of word: snow, with lenth: 4, iters: 100, feature: 0
score:	0.663265
Locs:	196	121	66	184	18	354	249	0	99	8	15	18	249	207	110	20	2	8	274	171	114	27	277	0	92	85	204	169	9	143	342	163	195	311	61	170	28	155	151	196	281	153	153	282	168	226	84	143	288


the test of word: snow, with lenth: 4, iters: 100, feature: 0
score:	0.500000
Locs:	245	232	313	217	183	413	299	343	368	20	21	201	279	0	251	24	32	148	294	0	244	78	321	91	339	136	223	192	265	152	348	167	266	321	123	233	102	228	167	306	359	263	263	363	357	244	125	209	0


the test of word: snow, with lenth: 4, iters: 100, feature: 0
score:	0.663265
Locs:	196	121	66	184	18	354	249	0	99	8	15	18	249	207	110	20	2	8	274	171	114	27	277	0	92	85	204	169	9	143	342	163	195	311	61	170	28	155	151	196	281	153	153	282	168	226	84	143	288


the test of word: snow, with lenth: 4, iters: 100, feature: 0
score:	0.500000
Locs:	245	232	313	217	183	413	299	343	368	20	21	201	279	0	251	24	32	148	294	0	244	78	321	91	339	136	223	192	265	152	348	167	266	321	123	233	102	228	167	306	359	263	263	363	357	244	125	209	0


the test of word: snow, with lenth: 4, iters: 100, feature: 0
score:	0.663265
Locs:	196	121	66	184	18	354	249	0	99	8	15	18	249	207	110	20	2	8	274	171	114	27	277	0	92	85	204	169	9	143	342	163	195	311	61	170	28	155	151	196	281	153	153	282	168	226	84	143	288


the test of word: snow, with lenth: 4, iters: 100, feature: 0
score:	0.500000
Locs:	245	232	313	217	183	413	299	343	368	20	21	201	279	0	251	24	32	148	294	0	244	78	321	91	339	136	223	192	265	152	348	167	266	321	123	233	102	228	167	306	359	263	263	363	357	244	125	209	0


the test of word: snow, with lenth: 4, iters: 100, feature: 0
score:	0.663265
Locs:	196	121	66	184	18	354	249	0	99	8	15	18	249	207	110	20	2	8	274	171	114	27	277	0	92	85	204	169	9	143	342	163	195	311	61	170	28	155	151	196	281	153	153	282	168	226	84	143	288


the test of word: snow, with lenth: 4, iters: 100, feature: 0
score:	0.500000
Locs:	245	232	313	217	183	413	299	343	368	20	21	201	279	0	251	24	32	148	294	0	244	78	321	91	339	136	223	192	265	152	348	167	266	321	123	233	102	228	167	306	359	263	263	363	357	244	125	209	0


the test of word: snow, with lenth: 4, iters: 100, feature: 0
score:	0.663265
Locs:	196	121	66	184	18	354	249	0	99	8	15	18	249	207	110	20	2	8	274	171	114	27	277	0	92	85	204	169	9	143	342	163	195	311	61	170	28	155	151	196	281	153	153	282	168	226	84	143	288


the test of word: snow, with lenth: 4, iters: 100, feature: 0
score:	0.500000
Locs:	245	232	313	217	183	413	299	343	368	20	21	201	279	0	251	24	32	148	294	0	244	78	321	91	339	136	223	192	265	152	348	167	266	321	123	233	102	228	167	306	359	263	263	363	357	244	125	209	0


the test of word: snow, with lenth: 4, iters: 100, feature: 0
score:	0.663265
Locs:	196	121	66	184	18	354	249	0	99	8	15	18	249	207	110	20	2	8	274	171	114	27	277	0	92	85	204	169	9	143	342	163	195	311	61	170	28	155	151	196	281	153	153	282	168	226	84	143	288


the test of word: snow, with lenth: 4, iters: 100, feature: 0
score:	0.500000
Locs:	245	232	313	217	183	413	299	343	368	20	21	201	279	0	251	24	32	148	294	0	244	78	321	91	339	136	223	192	265	152	348	167	266	321	123	233	102	228	167	306	359	263	263	363	357	244	125	209	0


the test of word: snow, with lenth: 4, iters: 100, feature: 0
score:	0.663265
Locs:	196	121	66	184	18	354	249	0	99	8	15	18	249	207	110	20	2	8	274	171	114	27	277	0	92	85	204	169	9	143	342	163	195	311	61	170	28	155	151	196	281	153	153	282	168	226	84	143	288


the test of word: snow, with lenth: 4, iters: 100, feature: 0
score:	0.500000
Locs:	245	232	313	217	183	413	299	343	368	20	21	201	279	0	251	24	32	148	294	0	244	78	321	91	339	136	223	192	265	152	348	167	266	321	123	233	102	228	167	306	359	263	263	363	357	244	125	209	0


the test of word: snow, with lenth: 4, iters: 100, feature: 0
score:	0.663265
Locs:	196	121	66	184	18	354	249	0	99	8	15	18	249	207	110	20	2	8	274	171	114	27	277	0	92	85	204	169	9	143	342	163	195	311	61	170	28	155	151	196	281	153	153	282	168	226	84	143	288


the test of word: snow, with lenth: 4, iters: 100, feature: 0
score:	0.500000
Locs:	245	232	313	217	183	413	299	343	368	20	21	201	279	0	251	24	32	148	294	0	244	78	321	91	339	136	223	192	265	152	348	167	266	321	123	233	102	228	167	306	359	263	263	363	357	244	125	209	0


the test of word: snow, with lenth: 4, iters: 100, feature: 0
score:	0.663265
Locs:	196	121	66	184	18	354	249	0	99	8	15	18	249	207	110	20	2	8	274	171	114	27	277	0	92	85	204	169	9	143	342	163	195	311	61	170	28	155	151	196	281	153	153	282	168	226	84	143	288


the test of word: snow, with lenth: 4, iters: 100, feature: 0
score:	0.500000
Locs:	245	232	313	217	183	413	299	343	368	20	21	201	279	0	251	24	32	148	294	0	244	78	321	91	339	136	223	192	265	152	348	167	266	321	123	233	102	228	167	306	359	263	263	363	357	244	125	209	0


the test of word: snow, with lenth: 4, iters: 100, feature: 0
score:	0.663265
Locs:	196	121	66	184	18	354	249	0	99	8	15	18	249	207	110	20	2	8	274	171	114	27	277	0	92	85	204	169	9	143	342	163	195	311	61	170	28	155	151	196	281	153	153	282	168	226	84	143	288


the test of word: snow, with lenth: 4, iters: 100, feature: 0
score:	0.500000
Locs:	245	232	313	217	183	413	299	343	368	20	21	201	279	0	251	24	32	148	294	0	244	78	321	91	339	136	223	192	265	152	348	167	266	321	123	233	102	228	167	306	359	263	263	363	357	244	125	209	0


the test of word: snow, with lenth: 4, iters: 100, feature: 0
score:	0.663265
Locs:	196	121	66	184	18	354	249	0	99	8	15	18	249	207	110	20	2	8	274	171	114	27	277	0	92	85	204	169	9	143	342	163	195	311	61	170	28	155	151	196	281	153	153	282	168	226	84	143	288


the test of word: snow, with lenth: 4, iters: 100, feature: 0
score:	0.500000
Locs:	245	232	313	217	183	413	299	343	368	20	21	201	279	0	251	24	32	148	294	0	244	78	321	91	339	136	223	192	265	152	348	167	266	321	123	233	102	228	167	306	359	263	263	363	357	244	125	209	0


the test of word: snow, with lenth: 4, iters: 100, feature: 0
score:	0.663265
Locs:	196	121	66	184	18	354	249	0	99	8	15	18	249	207	110	20	2	8	274	171	114	27	277	0	92	85	204	169	9	143	342	163	195	311	61	170	28	155	151	196	281	153	153	282	168	226	84	143	288


the test of word: snow, with lenth: 4, iters: 100, feature: 0
score:	0.500000
Locs:	245	232	313	217	183	413	299	343	368	20	21	201	279	0	251	24	32	148	294	0	244	78	321	91	339	136	223	192	265	152	348	167	266	321	123	233	102	228	167	306	359	263	263	363	357	244	125	209	0


the test of word: snow, with lenth: 4, iters: 100, feature: 0
score:	0.663265
Locs:	196	121	66	184	18	354	249	0	99	8	15	18	249	207	110	20	2	8	274	171	114	27	277	0	92	85	204	169	9	143	342	163	195	311	61	170	28	155	151	196	281	153	153	282	168	226	84	143	288


the test of word: snow, with lenth: 4, iters: 100, feature: 0
score:	0.500000
Locs:	245	232	313	217	183	413	299	343	368	20	21	201	279	0	251	24	32	148	294	0	244	78	321	91	339	136	223	192	265	152	348	167	266	321	123	233	102	228	167	306	359	263	263	363	357	244	125	209	0


the test of word: snow, with lenth: 4, iters: 100, feature: 0
score:	0.663265
Locs:	196	121	66	184	18	354	249	0	99	8	15	18	249	207	110	20	2	8	274	171	114	27	277	0	92	85	204	169	9	143	342	163	195	311	61	170	28	155	151	196	281	153	153	282	168	226	84	143	288


the test of word: snow, with lenth: 4, iters: 100, feature: 0
score:	0.500000
Locs:	245	232	313	217	183	413	299	343	368	20	21	201	279	0	251	24	32	148	294	0	244	78	321	91	339	136	223	192	265	152	348	167	266	321	123	233	102	228	167	306	359	263	263	363	357	244	125	209	0


the test of word: snow, with lenth: 4, iters: 100, feature: 0
score:	0.663265
Locs:	196	121	66	184	18	354	249	0	99	8	15	18	249	207	110	20	2	8	274	171	114	27	277	0	92	85	204	169	9	143	342	163	195	311	61	170	28	155	151	196	281	153	153	282	168	226	84	143	288


the test of word: snow, with lenth: 4, iters: 100, feature: 0
score:	0.500000
Locs:	245	232	313	217	183	413	299	343	368	20	21	201	279	0	251	24	32	148	294	0	244	78	321	91	339	136	223	192	265	152	348	167	266	321	123	233	102	228	167	306	359	263	263	363	357	244	125	209	0


the test of word: snow, with lenth: 4, iters: 100, feature: 0
score:	0.663265
Locs:	196	121	66	184	18	354	249	0	99	8	15	18	249	207	110	20	2	8	274	171	114	27	277	0	92	85	204	169	9	143	342	163	195	311	61	170	28	155	151	196	281	153	153	282	168	226	84	143	288


the test of word: snow, with lenth: 4, iters: 100, feature: 0
score:	0.500000
Locs:	245	232	313	217	183	413	299	343	368	20	21	201	279	0	251	24	32	148	294	0	244	78	321	91	339	136	223	192	265	152	348	167	266	321	123	233	102	228	167	306	359	263	263	363	357	244	125	209	0


the test of word: snow, with lenth: 4, iters: 100, feature: 0
score:	0.663265
Locs:	196	121	66	184	18	354	249	0	99	8	15	18	249	207	110	20	2	8	274	171	114	27	277	0	92	85	204	169	9	143	342	163	195	311	61	170	28	155	151	196	281	153	153	282	168	226	84	143	288


the test of word: snow, with lenth: 4, iters: 100, feature: 0
score:	0.500000
Locs:	245	232	313	217	183	413	299	343	368	20	21	201	279	0	251	24	32	148	294	0	244	78	321	91	339	136	223	192	265	152	348	167	266	321	123	233	102	228	167	306	359	263	263	363	357	244	125	209	0


the test of word: snow, with lenth: 4, iters: 100, feature: 0
score:	0.663265
Locs:	196	121	66	184	18	354	249	0	99	8	15	18	249	207	110	20	2	8	274	171	114	27	277	0	92	85	204	169	9	143	342	163	195	311	61	170	28	155	151	196	281	153	153	282	168	226	84	143	288


the test of word: snow, with lenth: 4, iters: 100, feature: 0
score:	0.500000
Locs:	245	232	313	217	183	413	299	343	368	20	21	201	279	0	251	24	32	148	294	0	244	78	321	91	339	136	223	192	265	152	348	167	266	321	123	233	102	228	167	306	359	263	263	363	357	244	125	209	0


the test of word: snow, with lenth: 4, iters: 100, feature: 0
score:	0.663265
Locs:	196	121	66	184	18	354	249	0	99	8	15	18	249	207	110	20	2	8	274	171	114	27	277	0	92	85	204	169	9	143	342	163	195	311	61	170	28	155	151	196	281	153	153	282	168	226	84	143	288


the test of word: snow, with lenth: 4, iters: 100, feature: 0
score:	0.500000
Locs:	245	232	313	217	183	413	299	343	368	20	21	201	279	0	251	24	32	148	294	0	244	78	321	91	339	136	223	192	265	152	348	167	266	321	123	233	102	228	167	306	359	263	263	363	357	244	125	209	0


the test of word: snow, with lenth: 4, iters: 100, feature: 0
score:	0.663265
Locs:	196	121	66	184	18	354	249	0	99	8	15	18	249	207	110	20	2	8	274	171	114	27	277	0	92	85	204	169	9	143	342	163	195	311	61	170	28	155	151	196	281	153	153	282	168	226	84	143	288


the test of word: snow, with lenth: 4, iters: 100, feature: 0
score:	0.500000
Locs:	245	232	313	217	183	413	299	343	368	20	21	201	279	0	251	24	32	148	294	0	244	78	321	91	339	136	223	192	265	152	348	167	266	321	123	233	102	228	167	306	359	263	263	363	357	244	125	209	0


the test of word: snow, with lenth: 4, iters: 100, feature: 0
score:	0.663265
Locs:	196	121	66	184	18	354	249	0	99	8	15	18	249	207	110	20	2	8	274	171	114	27	277	0	92	85	204	169	9	143	342	163	195	311	61	170	28	155	151	196	281	153	153	282	168	226	84	143	288


the test of word: snow, with lenth: 4, iters: 100, feature: 1
score:	0.500000
Locs:	245	232	313	217	183	413	299	343	368	20	21	201	279	0	251	24	32	148	294	0	244	78	321	91	339	136	223	192	265	152	348	167	266	321	123	233	102	228	167	306	359	263	263	363	357	244	125	209	0


the test of word: snow, with lenth: 4, iters: 100, feature: 1
score:	0.500000
Locs:	245	232	313	217	183	413	299	343	368	20	21	201	279	0	251	24	32	148	294	0	244	78	321	91	339	136	223	192	265	152	348	167	266	321	123	233	102	228	167	306	359	263	263	363	357	244	125	209	239


the test of word: snow, with lenth: 4, iters: 100, feature: 1
score:	0.653061
Locs:	197	215	179	182	34	379	247	31	99	0	13	126	232	101	154	20	26	7	274	171	201	53	315	0	128	116	204	172	138	127	177	110	150	264	66	181	29	165	154	191	290	5	5	238	284	233	100	165	276


the test of word: snow, with lenth: 4, iters: 100, feature: 1
score:	0.500000
Locs:	245	232	313	217	183	413	299	343	368	20	21	201	279	0	251	24	32	148	294	0	244	78	321	91	339	136	223	192	265	152	348	167	266	321	123	233	102	228	167	306	359	263	263	363	357	244	125	209	239


the test of word: snow, with lenth: 4, iters: 100, feature: 1
score:	0.500000
Locs:	245	232	313	217	183	413	299	343	368	20	21	201	279	0	251	24	32	148	294	0	244	78	321	91	339	136	223	192	265	152	348	167	266	321	123	233	102	228	167	306	359	263	263	363	357	244	125	209	239


the test of word: snow, with lenth: 4, iters: 100, feature: 1
score:	0.653061
Locs:	197	215	179	182	34	379	247	31	99	0	13	126	232	101	154	20	26	7	274	171	201	53	315	0	128	116	204	172	138	127	177	110	150	264	66	181	29	165	154	191	290	5	5	238	284	233	100	165	276


the test of word: snow, with lenth: 4, iters: 100, feature: 1
score:	0.500000
Locs:	245	232	313	217	183	413	299	343	368	20	21	201	279	0	251	24	32	148	294	0	244	78	321	91	339	136	223	192	265	152	348	167	266	321	123	233	102	228	167	306	359	263	263	363	357	244	125	209	239


the test of word: snow, with lenth: 4, iters: 100, feature: 1
score:	0.500000
Locs:	245	232	313	217	183	413	299	343	368	20	21	201	279	0	251	24	32	148	294	0	244	78	321	91	339	136	223	192	265	152	348	167	266	321	123	233	102	228	167	306	359	263	263	363	357	244	125	209	239


the test of word: snow, with lenth: 4, iters: 100, feature: 1
score:	0.653061
Locs:	197	215	179	182	34	379	247	31	99	0	13	126	232	101	154	20	26	7	274	171	201	53	315	0	128	116	204	172	138	127	177	110	150	264	66	181	29	165	154	191	290	5	5	238	284	233	100	165	276


the test of word: snow, with lenth: 4, iters: 100, feature: 1
score:	0.500000
Locs:	245	232	313	217	183	413	299	343	368	20	21	201	279	0	251	24	32	148	294	0	244	78	321	91	339	136	223	192	265	152	348	167	266	321	123	233	102	228	167	306	359	263	263	363	357	244	125	209	239


the test of word: snow, with lenth: 4, iters: 100, feature: 1
score:	0.500000
Locs:	245	232	313	217	183	413	299	343	368	20	21	201	279	0	251	24	32	148	294	0	244	78	321	91	339	136	223	192	265	152	348	167	266	321	123	233	102	228	167	306	359	263	263	363	357	244	125	209	239


the test of word: snow, with lenth: 4, iters: 100, feature: 1
score:	0.653061
Locs:	197	215	179	182	34	379	247	31	99	0	13	126	232	101	154	20	26	7	274	171	201	53	315	0	128	116	204	172	138	127	177	110	150	264	66	181	29	165	154	191	290	5	5	238	284	233	100	165	276


the test of word: snow, with lenth: 4, iters: 100, feature: 1
score:	0.500000
Locs:	245	232	313	217	183	413	299	343	368	20	21	201	279	0	251	24	32	148	294	0	244	78	321	91	339	136	223	192	265	152	348	167	266	321	123	233	102	228	167	306	359	263	263	363	357	244	125	209	239


the test of word: snow, with lenth: 4, iters: 100, feature: 1
score:	0.500000
Locs:	245	232	313	217	183	413	299	343	368	20	21	201	279	0	251	24	32	148	294	0	244	78	321	91	339	136	223	192	265	152	348	167	266	321	123	233	102	228	167	306	359	263	263	363	357	244	125	209	239


the test of word: snow, with lenth: 4, iters: 100, feature: 1
score:	0.653061
Locs:	197	215	179	182	34	379	247	31	99	0	13	126	232	101	154	20	26	7	274	171	201	53	315	0	128	116	204	172	138	127	177	110	150	264	66	181	29	165	154	191	290	5	5	238	284	233	100	165	276


the test of word: snow, with lenth: 4, iters: 100, feature: 1
score:	0.500000
Locs:	245	232	313	217	183	413	299	343	368	20	21	201	279	0	251	24	32	148	294	0	244	78	321	91	339	136	223	192	265	152	348	167	266	321	123	233	102	228	167	306	359	263	263	363	357	244	125	209	239


the test of word: snow, with lenth: 4, iters: 100, feature: 1
score:	0.500000
Locs:	245	232	313	217	183	413	299	343	368	20	21	201	279	0	251	24	32	148	294	0	244	78	321	91	339	136	223	192	265	152	348	167	266	321	123	233	102	228	167	306	359	263	263	363	357	244	125	209	239


the test of word: snow, with lenth: 4, iters: 100, feature: 1
score:	0.653061
Locs:	197	215	179	182	34	379	247	31	99	0	13	126	232	101	154	20	26	7	274	171	201	53	315	0	128	116	204	172	138	127	177	110	150	264	66	181	29	165	154	191	290	5	5	238	284	233	100	165	276


the test of word: snow, with lenth: 4, iters: 100, feature: 1
score:	0.500000
Locs:	245	232	313	217	183	413	299	343	368	20	21	201	279	0	251	24	32	148	294	0	244	78	321	91	339	136	223	192	265	152	348	167	266	321	123	233	102	228	167	306	359	263	263	363	357	244	125	209	239


the test of word: snow, with lenth: 4, iters: 100, feature: 1
score:	0.500000
Locs:	245	232	313	217	183	413	299	343	368	20	21	201	279	0	251	24	32	148	294	0	244	78	321	91	339	136	223	192	265	152	348	167	266	321	123	233	102	228	167	306	359	263	263	363	357	244	125	209	239


the test of word: snow, with lenth: 4, iters: 100, feature: 1
score:	0.653061
Locs:	197	215	179	182	34	379	247	31	99	0	13	126	232	101	154	20	26	7	274	171	201	53	315	0	128	116	204	172	138	127	177	110	150	264	66	181	29	165	154	191	290	5	5	238	284	233	100	165	276


the test of word: snow, with lenth: 4, iters: 100, feature: 1
score:	0.500000
Locs:	245	232	313	217	183	413	299	343	368	20	21	201	279	0	251	24	32	148	294	0	244	78	321	91	339	136	223	192	265	152	348	167	266	321	123	233	102	228	167	306	359	263	263	363	357	244	125	209	239


the test of word: snow, with lenth: 4, iters: 100, feature: 1
score:	0.500000
Locs:	245	232	313	217	183	413	299	343	368	20	21	201	279	0	251	24	32	148	294	0	244	78	321	91	339	136	223	192	265	152	348	167	266	321	123	233	102	228	167	306	359	263	263	363	357	244	125	209	239


the test of word: snow, with lenth: 4, iters: 100, feature: 1
score:	0.653061
Locs:	197	215	179	182	34	379	247	31	99	0	13	126	232	101	154	20	26	7	274	171	201	53	315	0	128	116	204	172	138	127	177	110	150	264	66	181	29	165	154	191	290	5	5	238	284	233	100	165	276


the test of word: snow, with lenth: 4, iters: 100, feature: 1
score:	0.500000
Locs:	245	232	313	217	183	413	299	343	368	20	21	201	279	0	251	24	32	148	294	0	244	78	321	91	339	136	223	192	265	152	348	167	266	321	123	233	102	228	167	306	359	263	263	363	357	244	125	209	239


the test of word: snow, with lenth: 4, iters: 100, feature: 1
score:	0.500000
Locs:	245	232	313	217	183	413	299	343	368	20	21	201	279	0	251	24	32	148	294	0	244	78	321	91	339	136	223	192	265	152	348	167	266	321	123	233	102	228	167	306	359	263	263	363	357	244	125	209	239


the test of word: snow, with lenth: 4, iters: 100, feature: 1
score:	0.653061
Locs:	197	215	179	182	34	379	247	31	99	0	13	126	232	101	154	20	26	7	274	171	201	53	315	0	128	116	204	172	138	127	177	110	150	264	66	181	29	165	154	191	290	5	5	238	284	233	100	165	276


the test of word: snow, with lenth: 4, iters: 100, feature: 1
score:	0.500000
Locs:	245	232	313	217	183	413	299	343	368	20	21	201	279	0	251	24	32	148	294	0	244	78	321	91	339	136	223	192	265	152	348	167	266	321	123	233	102	228	167	306	359	263	263	363	357	244	125	209	239


the test of word: snow, with lenth: 4, iters: 100, feature: 1
score:	0.500000
Locs:	245	232	313	217	183	413	299	343	368	20	21	201	279	0	251	24	32	148	294	0	244	78	321	91	339	136	223	192	265	152	348	167	266	321	123	233	102	228	167	306	359	263	263	363	357	244	125	209	239


the test of word: snow, with lenth: 4, iters: 100, feature: 1
score:	0.653061
Locs:	197	215	179	182	34	379	247	31	99	0	13	126	232	101	154	20	26	7	274	171	201	53	315	0	128	116	204	172	138	127	177	110	150	264	66	181	29	165	154	191	290	5	5	238	284	233	100	165	276


the test of word: snow, with lenth: 4, iters: 100, feature: 1
score:	0.500000
Locs:	245	232	313	217	183	413	299	343	368	20	21	201	279	0	251	24	32	148	294	0	244	78	321	91	339	136	223	192	265	152	348	167	266	321	123	233	102	228	167	306	359	263	263	363	357	244	125	209	239


the test of word: snow, with lenth: 4, iters: 100, feature: 1
score:	0.500000
Locs:	245	232	313	217	183	413	299	343	368	20	21	201	279	0	251	24	32	148	294	0	244	78	321	91	339	136	223	192	265	152	348	167	266	321	123	233	102	228	167	306	359	263	263	363	357	244	125	209	239


the test of word: snow, with lenth: 4, iters: 100, feature: 1
score:	0.653061
Locs:	197	215	179	182	34	379	247	31	99	0	13	126	232	101	154	20	26	7	274	171	201	53	315	0	128	116	204	172	138	127	177	110	150	264	66	181	29	165	154	191	290	5	5	238	284	233	100	165	276


the test of word: snow, with lenth: 4, iters: 100, feature: 1
score:	0.500000
Locs:	245	232	313	217	183	413	299	343	368	20	21	201	279	0	251	24	32	148	294	0	244	78	321	91	339	136	223	192	265	152	348	167	266	321	123	233	102	228	167	306	359	263	263	363	357	244	125	209	239


the test of word: snow, with lenth: 4, iters: 100, feature: 1
score:	0.500000
Locs:	245	232	313	217	183	413	299	343	368	20	21	201	279	0	251	24	32	148	294	0	244	78	321	91	339	136	223	192	265	152	348	167	266	321	123	233	102	228	167	306	359	263	263	363	357	244	125	209	239


the test of word: snow, with lenth: 4, iters: 100, feature: 1
score:	0.653061
Locs:	197	215	179	182	34	379	247	31	99	0	13	126	232	101	154	20	26	7	274	171	201	53	315	0	128	116	204	172	138	127	177	110	150	264	66	181	29	165	154	191	290	5	5	238	284	233	100	165	276


the test of word: snow, with lenth: 4, iters: 100, feature: 1
score:	0.500000
Locs:	245	232	313	217	183	413	299	343	368	20	21	201	279	0	251	24	32	148	294	0	244	78	321	91	339	136	223	192	265	152	348	167	266	321	123	233	102	228	167	306	359	263	263	363	357	244	125	209	239


the test of word: snow, with lenth: 4, iters: 100, feature: 1
score:	0.500000
Locs:	245	232	313	217	183	413	299	343	368	20	21	201	279	0	251	24	32	148	294	0	244	78	321	91	339	136	223	192	265	152	348	167	266	321	123	233	102	228	167	306	359	263	263	363	357	244	125	209	239


the test of word: snow, with lenth: 4, iters: 100, feature: 1
score:	0.653061
Locs:	197	215	179	182	34	379	247	31	99	0	13	126	232	101	154	20	26	7	274	171	201	53	315	0	128	116	204	172	138	127	177	110	150	264	66	181	29	165	154	191	290	5	5	238	284	233	100	165	276


the test of word: snow, with lenth: 4, iters: 100, feature: 1
score:	0.500000
Locs:	245	232	313	217	183	413	299	343	368	20	21	201	279	0	251	24	32	148	294	0	244	78	321	91	339	136	223	192	265	152	348	167	266	321	123	233	102	228	167	306	359	263	263	363	357	244	125	209	239


the test of word: snow, with lenth: 4, iters: 100, feature: 1
score:	0.500000
Locs:	245	232	313	217	183	413	299	343	368	20	21	201	279	0	251	24	32	148	294	0	244	78	321	91	339	136	223	192	265	152	348	167	266	321	123	233	102	228	167	306	359	263	263	363	357	244	125	209	239


the test of word: snow, with lenth: 4, iters: 100, feature: 1
score:	0.653061
Locs:	197	215	179	182	34	379	247	31	99	0	13	126	232	101	154	20	26	7	274	171	201	53	315	0	128	116	204	172	138	127	177	110	150	264	66	181	29	165	154	191	290	5	5	238	284	233	100	165	276


the test of word: snow, with lenth: 4, iters: 100, feature: 1
score:	0.500000
Locs:	245	232	313	217	183	413	299	343	368	20	21	201	279	0	251	24	32	148	294	0	244	78	321	91	339	136	223	192	265	152	348	167	266	321	123	233	102	228	167	306	359	263	263	363	357	244	125	209	239


the test of word: snow, with lenth: 4, iters: 100, feature: 1
score:	0.500000
Locs:	245	232	313	217	183	413	299	343	368	20	21	201	279	0	251	24	32	148	294	0	244	78	321	91	339	136	223	192	265	152	348	167	266	321	123	233	102	228	167	306	359	263	263	363	357	244	125	209	239


the test of word: snow, with lenth: 4, iters: 100, feature: 1
score:	0.653061
Locs:	197	215	179	182	34	379	247	31	99	0	13	126	232	101	154	20	26	7	274	171	201	53	315	0	128	116	204	172	138	127	177	110	150	264	66	181	29	165	154	191	290	5	5	238	284	233	100	165	276


the test of word: snow, with lenth: 4, iters: 100, feature: 1
score:	0.500000
Locs:	245	232	313	217	183	413	299	343	368	20	21	201	279	0	251	24	32	148	294	0	244	78	321	91	339	136	223	192	265	152	348	167	266	321	123	233	102	228	167	306	359	263	263	363	357	244	125	209	239


the test of word: snow, with lenth: 4, iters: 100, feature: 1
score:	0.500000
Locs:	245	232	313	217	183	413	299	343	368	20	21	201	279	0	251	24	32	148	294	0	244	78	321	91	339	136	223	192	265	152	348	167	266	321	123	233	102	228	167	306	359	263	263	363	357	244	125	209	239


the test of word: snow, with lenth: 4, iters: 100, feature: 1
score:	0.653061
Locs:	197	215	179	182	34	379	247	31	99	0	13	126	232	101	154	20	26	7	274	171	201	53	315	0	128	116	204	172	138	127	177	110	150	264	66	181	29	165	154	191	290	5	5	238	284	233	100	165	276


the test of word: snow, with lenth: 4, iters: 100, feature: 1
score:	0.500000
Locs:	245	232	313	217	183	413	299	343	368	20	21	201	279	0	251	24	32	148	294	0	244	78	321	91	339	136	223	192	265	152	348	167	266	321	123	233	102	228	167	306	359	263	263	363	357	244	125	209	239


the test of word: snow, with lenth: 4, iters: 100, feature: 1
score:	0.500000
Locs:	245	232	313	217	183	413	299	343	368	20	21	201	279	0	251	24	32	148	294	0	244	78	321	91	339	136	223	192	265	152	348	167	266	321	123	233	102	228	167	306	359	263	263	363	357	244	125	209	239


the test of word: snow, with lenth: 4, iters: 200, feature: 0
score:	0.673469
Locs:	10	191	179	15	49	181	88	26	192	0	13	192	239	95	67	19	26	23	93	102	92	46	236	1	335	100	197	137	113	0	320	37	214	144	85	157	28	125	134	233	202	6	6	318	133	231	8	139	276


the test of word: snow, with lenth: 4, iters: 200, feature: 0
score:	0.622449
Locs:	51	112	180	15	158	369	179	26	190	0	11	117	233	97	155	20	25	109	92	102	90	0	239	1	270	100	197	137	115	139	188	37	214	29	65	157	28	147	134	236	338	177	177	302	313	234	24	139	288


the test of word: snow, with lenth: 4, iters: 200, feature: 0
score:	0.510204
Locs:	245	232	313	217	183	413	299	343	368	20	21	201	279	0	251	24	32	148	294	0	244	78	321	91	339	136	223	192	265	152	348	167	266	321	123	233	102	228	167	306	359	263	263	363	357	244	125	209	249


the test of word: snow, with lenth: 4, iters: 200, feature: 0
score:	0.510204
Locs:	245	232	313	217	183	413	299	343	368	20	21	201	279	0	251	24	32	148	294	0	244	78	321	91	339	136	223	192	265	152	348	167	266	321	123	233	102	228	167	306	359	263	263	363	357	244	125	209	0


the test of word: snow, with lenth: 4, iters: 200, feature: 0
score:	0.734694
Locs:	150	170	240	103	37	409	247	26	201	0	16	61	233	94	70	16	0	14	60	171	92	7	317	1	335	26	199	169	27	127	188	2	193	111	66	149	29	214	80	197	65	3	3	318	287	234	87	197	288


the test of word: snow, with lenth: 4, iters: 200, feature: 0
score:	0.510204
Locs:	245	232	313	217	183	413	299	343	368	20	21	201	279	0	251	24	32	148	294	0	244	78	321	91	339	136	223	192	265	152	348	167	266	321	123	233	102	228	167	306	359	263	263	363	357	244	125	209	0


the test of word: snow, with lenth: 4, iters: 200, feature: 0
score:	0.693878
Locs:	178	140	111	213	18	323	2	260	295	16	0	26	169	162	247	0	28	16	276	148	132	71	6	0	244	18	187	188	5	144	161	163	32	77	15	191	65	194	95	290	144	235	235	338	223	114	42	178	289


the test of word: snow, with lenth: 4, iters: 200, feature: 0
score:	0.693878
Locs:	148	156	240	106	36	376	251	17	235	6	16	63	243	193	78	15	2	9	63	171	94	8	186	0	93	69	201	169	151	143	188	163	57	307	65	161	29	211	145	197	66	155	155	283	287	225	85	197	289


the test of word: snow, with lenth: 4, iters: 200, feature: 0
score:	0.500000
Locs:	245	232	313	217	183	413	299	343	368	20	21	201	279	0	251	24	32	148	294	0	244	78	321	91	339	136	223	192	265	152	348	167	266	321	123	233	102	228	167	306	359	263	263	363	357	244	125	209	0


the test of word: snow, with lenth: 4, iters: 200, feature: 0
score:	0.704082
Locs:	177	140	111	213	175	323	3	260	177	16	0	26	169	162	247	0	28	19	275	150	133	73	6	0	244	18	187	188	5	148	161	163	32	76	15	192	65	194	95	290	144	236	236	338	223	113	42	178	289


the test of word: snow, with lenth: 4, iters: 200, feature: 0
score:	0.500000
Locs:	245	232	313	217	183	413	299	343	368	20	21	201	279	0	251	24	32	148	294	0	244	78	321	91	339	136	223	192	265	152	348	167	266	321	123	233	102	228	167	306	359	263	263	363	357	244	125	209	0


the test of word: snow, with lenth: 4, iters: 200, feature: 0
score:	0.724490
Locs:	231	116	111	115	24	234	14	97	296	16	1	26	169	162	72	9	28	17	275	150	134	74	6	0	244	14	182	187	5	148	192	163	32	78	15	193	66	194	95	290	144	133	133	337	222	113	43	177	289


the test of word: snow, with lenth: 4, iters: 200, feature: 0
score:	0.510204
Locs:	245	232	313	217	183	413	299	343	368	20	21	201	279	0	251	24	32	148	294	0	244	78	321	91	339	136	223	192	265	152	348	167	266	321	123	233	102	228	167	306	359	263	263	363	357	244	125	209	231


the test of word: snow, with lenth: 4, iters: 200, feature: 0
score:	0.520408
Locs:	245	232	313	217	183	413	299	343	368	20	21	201	279	0	251	24	32	148	294	0	244	78	321	91	339	136	223	192	265	152	348	167	266	321	123	233	102	228	167	306	359	263	263	363	357	244	125	209	229


the test of word: snow, with lenth: 4, iters: 200, feature: 0
score:	0.642857
Locs:	51	115	180	36	158	356	89	209	188	0	11	117	239	96	164	20	25	24	92	102	93	0	237	1	265	103	200	64	147	79	188	51	212	114	86	157	28	126	107	234	203	177	177	317	334	232	8	139	287


the test of word: snow, with lenth: 4, iters: 200, feature: 0
score:	0.510204
Locs:	245	232	313	217	183	413	299	343	368	20	21	201	279	0	251	24	32	148	294	0	244	78	321	91	339	136	223	192	265	152	348	167	266	321	123	233	102	228	167	306	359	263	263	363	357	244	125	209	0


the test of word: snow, with lenth: 4, iters: 200, feature: 0
score:	0.510204
Locs:	245	232	313	217	183	413	299	343	368	20	21	201	279	0	251	24	32	148	294	0	244	78	321	91	339	136	223	192	265	152	348	167	266	321	123	233	102	228	167	306	359	263	263	363	357	244	125	209	249


the test of word: snow, with lenth: 4, iters: 200, feature: 0
score:	0.510204
Locs:	245	232	313	217	183	413	299	343	368	20	21	201	279	0	251	24	32	148	294	0	244	78	321	91	339	136	223	192	265	152	348	167	266	321	123	233	102	228	167	306	359	263	263	363	357	244	125	209	0


the test of word: snow, with lenth: 4, iters: 200, feature: 0
score:	0.500000
Locs:	245	232	313	217	183	413	299	343	368	20	21	201	279	0	251	24	32	148	294	0	244	78	321	91	339	136	223	192	265	152	348	167	266	321	123	233	102	228	167	306	359	263	263	363	357	244	125	209	0


the test of word: snow, with lenth: 4, iters: 200, feature: 0
score:	0.510204
Locs:	245	232	313	217	183	413	299	343	368	20	21	201	279	0	251	24	32	148	294	0	244	78	321	91	339	136	223	192	265	152	348	167	266	321	123	233	102	228	167	306	359	263	263	363	357	244	125	209	0


the test of word: snow, with lenth: 4, iters: 200, feature: 0
score:	0.510204
Locs:	245	232	313	217	183	413	299	343	368	20	21	201	279	0	251	24	32	148	294	0	244	78	321	91	339	136	223	192	265	152	348	167	266	321	123	233	102	228	167	306	359	263	263	363	357	244	125	209	261


the test of word: snow, with lenth: 4, iters: 200, feature: 0
score:	0.510204
Locs:	245	232	313	217	183	413	299	343	368	20	21	201	279	0	251	24	32	148	294	0	244	78	321	91	339	136	223	192	265	152	348	167	266	321	123	233	102	228	167	306	359	263	263	363	357	244	125	209	0


the test of word: snow, with lenth: 4, iters: 200, feature: 0
score:	0.734694
Locs:	150	170	240	103	37	409	247	26	201	0	16	61	233	94	70	16	0	14	60	171	92	7	317	1	335	26	199	169	27	127	188	2	193	111	66	149	29	214	80	197	65	3	3	318	287	234	87	197	288


the test of word: snow, with lenth: 4, iters: 200, feature: 0
score:	0.510204
Locs:	245	232	313	217	183	413	299	343	368	20	21	201	279	0	251	24	32	148	294	0	244	78	321	91	339	136	223	192	265	152	348	167	266	321	123	233	102	228	167	306	359	263	263	363	357	244	125	209	0


the test of word: snow, with lenth: 4, iters: 200, feature: 0
score:	0.693878
Locs:	178	140	111	213	18	323	2	260	295	16	0	26	169	162	247	0	28	16	276	148	132	71	6	0	244	18	187	188	5	144	161	163	32	77	15	191	65	194	95	290	144	235	235	338	223	114	42	178	289


the test of word: snow, with lenth: 4, iters: 200, feature: 0
score:	0.693878
Locs:	148	156	240	106	36	376	251	17	235	6	16	63	243	193	78	15	2	9	63	171	94	8	186	0	93	69	201	169	151	143	188	163	57	307	65	161	29	211	145	197	66	155	155	283	287	225	85	197	289


the test of word: snow, with lenth: 4, iters: 200, feature: 0
score:	0.500000
Locs:	245	232	313	217	183	413	299	343	368	20	21	201	279	0	251	24	32	148	294	0	244	78	321	91	339	136	223	192	265	152	348	167	266	321	123	233	102	228	167	306	359	263	263	363	357	244	125	209	0


the test of word: snow, with lenth: 4, iters: 200, feature: 0
score:	0.704082
Locs:	177	140	111	213	175	323	3	260	177	16	0	26	169	162	247	0	28	19	275	150	133	73	6	0	244	18	187	188	5	148	161	163	32	76	15	192	65	194	95	290	144	236	236	338	223	113	42	178	289


the test of word: snow, with lenth: 4, iters: 200, feature: 0
score:	0.500000
Locs:	245	232	313	217	183	413	299	343	368	20	21	201	279	0	251	24	32	148	294	0	244	78	321	91	339	136	223	192	265	152	348	167	266	321	123	233	102	228	167	306	359	263	263	363	357	244	125	209	0


the test of word: snow, with lenth: 4, iters: 200, feature: 0
score:	0.724490
Locs:	231	116	111	115	24	234	14	97	296	16	1	26	169	162	72	9	28	17	275	150	134	74	6	0	244	14	182	187	5	148	192	163	32	78	15	193	66	194	95	290	144	133	133	337	222	113	43	177	289


the test of word: snow, with lenth: 4, iters: 200, feature: 0
score:	0.510204
Locs:	245	232	313	217	183	413	299	343	368	20	21	201	279	0	251	24	32	148	294	0	244	78	321	91	339	136	223	192	265	152	348	167	266	321	123	233	102	228	167	306	359	263	263	363	357	244	125	209	231


the test of word: snow, with lenth: 4, iters: 200, feature: 0
score:	0.520408
Locs:	245	232	313	217	183	413	299	343	368	20	21	201	279	0	251	24	32	148	294	0	244	78	321	91	339	136	223	192	265	152	348	167	266	321	123	233	102	228	167	306	359	263	263	363	357	244	125	209	229


the test of word: snow, with lenth: 4, iters: 200, feature: 0
score:	0.642857
Locs:	51	115	180	36	158	356	89	209	188	0	11	117	239	96	164	20	25	24	92	102	93	0	237	1	265	103	200	64	147	79	188	51	212	114	86	157	28	126	107	234	203	177	177	317	334	232	8	139	287


the test of word: snow, with lenth: 4, iters: 200, feature: 0
score:	0.510204
Locs:	245	232	313	217	183	413	299	343	368	20	21	201	279	0	251	24	32	148	294	0	244	78	321	91	339	136	223	192	265	152	348	167	266	321	123	233	102	228	167	306	359	263	263	363	357	244	125	209	0


the test of word: snow, with lenth: 4, iters: 200, feature: 0
score:	0.510204
Locs:	245	232	313	217	183	413	299	343	368	20	21	201	279	0	251	24	32	148	294	0	244	78	321	91	339	136	223	192	265	152	348	167	266	321	123	233	102	228	167	306	359	263	263	363	357	244	125	209	249


the test of word: snow, with lenth: 4, iters: 200, feature: 0
score:	0.510204
Locs:	245	232	313	217	183	413	299	343	368	20	21	201	279	0	251	24	32	148	294	0	244	78	321	91	339	136	223	192	265	152	348	167	266	321	123	233	102	228	167	306	359	263	263	363	357	244	125	209	0


the test of word: snow, with lenth: 4, iters: 200, feature: 0
score:	0.500000
Locs:	245	232	313	217	183	413	299	343	368	20	21	201	279	0	251	24	32	148	294	0	244	78	321	91	339	136	223	192	265	152	348	167	266	321	123	233	102	228	167	306	359	263	263	363	357	244	125	209	0


the test of word: snow, with lenth: 4, iters: 200, feature: 0
score:	0.510204
Locs:	245	232	313	217	183	413	299	343	368	20	21	201	279	0	251	24	32	148	294	0	244	78	321	91	339	136	223	192	265	152	348	167	266	321	123	233	102	228	167	306	359	263	263	363	357	244	125	209	0


the test of word: snow, with lenth: 4, iters: 200, feature: 0
score:	0.510204
Locs:	245	232	313	217	183	413	299	343	368	20	21	201	279	0	251	24	32	148	294	0	244	78	321	91	339	136	223	192	265	152	348	167	266	321	123	233	102	228	167	306	359	263	263	363	357	244	125	209	261


the test of word: snow, with lenth: 4, iters: 200, feature: 0
score:	0.510204
Locs:	245	232	313	217	183	413	299	343	368	20	21	201	279	0	251	24	32	148	294	0	244	78	321	91	339	136	223	192	265	152	348	167	266	321	123	233	102	228	167	306	359	263	263	363	357	244	125	209	0


the test of word: snow, with lenth: 4, iters: 200, feature: 0
score:	0.734694
Locs:	150	170	240	103	37	409	247	26	201	0	16	61	233	94	70	16	0	14	60	171	92	7	317	1	335	26	199	169	27	127	188	2	193	111	66	149	29	214	80	197	65	3	3	318	287	234	87	197	288


the test of word: snow, with lenth: 4, iters: 200, feature: 0
score:	0.510204
Locs:	245	232	313	217	183	413	299	343	368	20	21	201	279	0	251	24	32	148	294	0	244	78	321	91	339	136	223	192	265	152	348	167	266	321	123	233	102	228	167	306	359	263	263	363	357	244	125	209	0


the test of word: snow, with lenth: 4, iters: 200, feature: 0
score:	0.693878
Locs:	178	140	111	213	18	323	2	260	295	16	0	26	169	162	247	0	28	16	276	148	132	71	6	0	244	18	187	188	5	144	161	163	32	77	15	191	65	194	95	290	144	235	235	338	223	114	42	178	289


the test of word: snow, with lenth: 4, iters: 200, feature: 0
score:	0.693878
Locs:	148	156	240	106	36	376	251	17	235	6	16	63	243	193	78	15	2	9	63	171	94	8	186	0	93	69	201	169	151	143	188	163	57	307	65	161	29	211	145	197	66	155	155	283	287	225	85	197	289


the test of word: snow, with lenth: 4, iters: 200, feature: 0
score:	0.500000
Locs:	245	232	313	217	183	413	299	343	368	20	21	201	279	0	251	24	32	148	294	0	244	78	321	91	339	136	223	192	265	152	348	167	266	321	123	233	102	228	167	306	359	263	263	363	357	244	125	209	0


the test of word: snow, with lenth: 4, iters: 200, feature: 0
score:	0.704082
Locs:	177	140	111	213	175	323	3	260	177	16	0	26	169	162	247	0	28	19	275	150	133	73	6	0	244	18	187	188	5	148	161	163	32	76	15	192	65	194	95	290	144	236	236	338	223	113	42	178	289


the test of word: snow, with lenth: 4, iters: 200, feature: 0
score:	0.500000
Locs:	245	232	313	217	183	413	299	343	368	20	21	201	279	0	251	24	32	148	294	0	244	78	321	91	339	136	223	192	265	152	348	167	266	321	123	233	102	228	167	306	359	263	263	363	357	244	125	209	0


the test of word: snow, with lenth: 4, iters: 200, feature: 0
score:	0.724490
Locs:	231	116	111	115	24	234	14	97	296	16	1	26	169	162	72	9	28	17	275	150	134	74	6	0	244	14	182	187	5	148	192	163	32	78	15	193	66	194	95	290	144	133	133	337	222	113	43	177	289


the test of word: snow, with lenth: 4, iters: 200, feature: 0
score:	0.510204
Locs:	245	232	313	217	183	413	299	343	368	20	21	201	279	0	251	24	32	148	294	0	244	78	321	91	339	136	223	192	265	152	348	167	266	321	123	233	102	228	167	306	359	263	263	363	357	244	125	209	231


the test of word: snow, with lenth: 4, iters: 200, feature: 0
score:	0.520408
Locs:	245	232	313	217	183	413	299	343	368	20	21	201	279	0	251	24	32	148	294	0	244	78	321	91	339	136	223	192	265	152	348	167	266	321	123	233	102	228	167	306	359	263	263	363	357	244	125	209	229


the test of word: snow, with lenth: 4, iters: 200, feature: 1
score:	0.693878
Locs:	196	120	239	183	19	353	248	0	99	7	13	140	232	207	154	20	3	7	274	171	100	53	276	0	199	84	201	182	9	127	190	109	195	311	62	174	29	163	152	195	68	142	142	238	284	233	84	139	288


the test of word: snow, with lenth: 4, iters: 200, feature: 1
score:	0.500000
Locs:	245	232	313	217	183	413	299	343	368	20	21	201	279	0	251	24	32	148	294	0	244	78	321	91	339	136	223	192	265	152	348	167	266	321	123	233	102	228	167	306	359	263	263	363	357	244	125	209	239


the test of word: snow, with lenth: 4, iters: 200, feature: 1
score:	0.500000
Locs:	245	232	313	217	183	413	299	343	368	20	21	201	279	0	251	24	32	148	294	0	244	78	321	91	339	136	223	192	265	152	348	167	266	321	123	233	102	228	167	306	359	263	263	363	357	244	125	209	0


the test of word: snow, with lenth: 4, iters: 200, feature: 1
score:	0.500000
Locs:	245	232	313	217	183	413	299	343	368	20	21	201	279	0	251	24	32	148	294	0	244	78	321	91	339	136	223	192	265	152	348	167	266	321	123	233	102	228	167	306	359	263	263	363	357	244	125	209	0


the test of word: snow, with lenth: 4, iters: 200, feature: 1
score:	0.704082
Locs:	194	121	178	182	37	353	248	0	99	7	12	127	232	208	155	20	2	7	274	171	99	53	282	0	128	84	201	181	138	127	342	36	195	86	62	154	29	219	70	195	290	5	5	236	284	233	66	164	288


the test of word: snow, with lenth: 4, iters: 200, feature: 1
score:	0.500000
Locs:	245	232	313	217	183	413	299	343	368	20	21	201	279	0	251	24	32	148	294	0	244	78	321	91	339	136	223	192	265	152	348	167	266	321	123	233	102	228	167	306	359	263	263	363	357	244	125	209	0


the test of word: snow, with lenth: 4, iters: 200, feature: 1
score:	0.500000
Locs:	245	232	313	217	183	413	299	343	368	20	21	201	279	0	251	24	32	148	294	0	244	78	321	91	339	136	223	192	265	152	348	167	266	321	123	233	102	228	167	306	359	263	263	363	357	244	125	209	238


the test of word: snow, with lenth: 4, iters: 200, feature: 1
score:	0.683673
Locs:	194	122	179	182	37	351	166	31	99	0	13	126	232	208	154	5	26	7	274	171	201	53	282	0	128	117	202	181	9	127	343	107	195	264	66	180	29	165	154	195	282	5	5	237	285	233	100	165	276


the test of word: snow, with lenth: 4, iters: 200, feature: 1
score:	0.500000
Locs:	245	232	313	217	183	413	299	343	368	20	21	201	279	0	251	24	32	148	294	0	244	78	321	91	339	136	223	192	265	152	348	167	266	321	123	233	102	228	167	306	359	263	263	363	357	244	125	209	0


the test of word: snow, with lenth: 4, iters: 200, feature: 1
score:	0.500000
Locs:	245	232	313	217	183	413	299	343	368	20	21	201	279	0	251	24	32	148	294	0	244	78	321	91	339	136	223	192	265	152	348	167	266	321	123	233	102	228	167	306	359	263	263	363	357	244	125	209	238


the test of word: snow, with lenth: 4, iters: 200, feature: 1
score:	0.683673
Locs:	194	122	179	182	37	351	166	31	99	0	13	126	232	208	154	5	26	7	274	171	201	53	282	0	128	117	202	181	9	127	343	107	195	264	66	180	29	165	154	195	282	5	5	237	285	233	100	165	276


the test of word: snow, with lenth: 4, iters: 200, feature: 1
score:	0.500000
Locs:	245	232	313	217	183	413	299	343	368	20	21	201	279	0	251	24	32	148	294	0	244	78	321	91	339	136	223	192	265	152	348	167	266	321	123	233	102	228	167	306	359	263	263	363	357	244	125	209	0


the test of word: snow, with lenth: 4, iters: 200, feature: 1
score:	0.500000
Locs:	245	232	313	217	183	413	299	343	368	20	21	201	279	0	251	24	32	148	294	0	244	78	321	91	339	136	223	192	265	152	348	167	266	321	123	233	102	228	167	306	359	263	263	363	357	244	125	209	238


the test of word: snow, with lenth: 4, iters: 200, feature: 1
score:	0.683673
Locs:	194	122	179	182	37	351	166	31	99	0	13	126	232	208	154	5	26	7	274	171	201	53	282	0	128	117	202	181	9	127	343	107	195	264	66	180	29	165	154	195	282	5	5	237	285	233	100	165	276


the test of word: snow, with lenth: 4, iters: 200, feature: 1
score:	0.500000
Locs:	245	232	313	217	183	413	299	343	368	20	21	201	279	0	251	24	32	148	294	0	244	78	321	91	339	136	223	192	265	152	348	167	266	321	123	233	102	228	167	306	359	263	263	363	357	244	125	209	0


the test of word: snow, with lenth: 4, iters: 200, feature: 1
score:	0.500000
Locs:	245	232	313	217	183	413	299	343	368	20	21	201	279	0	251	24	32	148	294	0	244	78	321	91	339	136	223	192	265	152	348	167	266	321	123	233	102	228	167	306	359	263	263	363	357	244	125	209	238


the test of word: snow, with lenth: 4, iters: 200, feature: 1
score:	0.683673
Locs:	194	122	179	182	37	351	166	31	99	0	13	126	232	208	154	5	26	7	274	171	201	53	282	0	128	117	202	181	9	127	343	107	195	264	66	180	29	165	154	195	282	5	5	237	285	233	100	165	276


the test of word: snow, with lenth: 4, iters: 200, feature: 1
score:	0.500000
Locs:	245	232	313	217	183	413	299	343	368	20	21	201	279	0	251	24	32	148	294	0	244	78	321	91	339	136	223	192	265	152	348	167	266	321	123	233	102	228	167	306	359	263	263	363	357	244	125	209	0


the test of word: snow, with lenth: 4, iters: 200, feature: 1
score:	0.500000
Locs:	245	232	313	217	183	413	299	343	368	20	21	201	279	0	251	24	32	148	294	0	244	78	321	91	339	136	223	192	265	152	348	167	266	321	123	233	102	228	167	306	359	263	263	363	357	244	125	209	238


the test of word: snow, with lenth: 4, iters: 200, feature: 1
score:	0.683673
Locs:	194	122	179	182	37	351	166	31	99	0	13	126	232	208	154	5	26	7	274	171	201	53	282	0	128	117	202	181	9	127	343	107	195	264	66	180	29	165	154	195	282	5	5	237	285	233	100	165	276


the test of word: snow, with lenth: 4, iters: 200, feature: 1
score:	0.500000
Locs:	245	232	313	217	183	413	299	343	368	20	21	201	279	0	251	24	32	148	294	0	244	78	321	91	339	136	223	192	265	152	348	167	266	321	123	233	102	228	167	306	359	263	263	363	357	244	125	209	0


the test of word: snow, with lenth: 4, iters: 200, feature: 1
score:	0.500000
Locs:	245	232	313	217	183	413	299	343	368	20	21	201	279	0	251	24	32	148	294	0	244	78	321	91	339	136	223	192	265	152	348	167	266	321	123	233	102	228	167	306	359	263	263	363	357	244	125	209	238


the test of word: snow, with lenth: 4, iters: 200, feature: 1
score:	0.683673
Locs:	194	122	179	182	37	351	166	31	99	0	13	126	232	208	154	5	26	7	274	171	201	53	282	0	128	117	202	181	9	127	343	107	195	264	66	180	29	165	154	195	282	5	5	237	285	233	100	165	276


the test of word: snow, with lenth: 4, iters: 200, feature: 1
score:	0.500000
Locs:	245	232	313	217	183	413	299	343	368	20	21	201	279	0	251	24	32	148	294	0	244	78	321	91	339	136	223	192	265	152	348	167	266	321	123	233	102	228	167	306	359	263	263	363	357	244	125	209	0


the test of word: snow, with lenth: 4, iters: 200, feature: 1
score:	0.500000
Locs:	245	232	313	217	183	413	299	343	368	20	21	201	279	0	251	24	32	148	294	0	244	78	321	91	339	136	223	192	265	152	348	167	266	321	123	233	102	228	167	306	359	263	263	363	357	244	125	209	238


the test of word: snow, with lenth: 4, iters: 200, feature: 1
score:	0.683673
Locs:	194	122	179	182	37	351	166	31	99	0	13	126	232	208	154	5	26	7	274	171	201	53	282	0	128	117	202	181	9	127	343	107	195	264	66	180	29	165	154	195	282	5	5	237	285	233	100	165	276


the test of word: snow, with lenth: 4, iters: 200, feature: 1
score:	0.500000
Locs:	245	232	313	217	183	413	299	343	368	20	21	201	279	0	251	24	32	148	294	0	244	78	321	91	339	136	223	192	265	152	348	167	266	321	123	233	102	228	167	306	359	263	263	363	357	244	125	209	0


the test of word: snow, with lenth: 4, iters: 200, feature: 1
score:	0.500000
Locs:	245	232	313	217	183	413	299	343	368	20	21	201	279	0	251	24	32	148	294	0	244	78	321	91	339	136	223	192	265	152	348	167	266	321	123	233	102	228	167	306	359	263	263	363	357	244	125	209	238


the test of word: snow, with lenth: 4, iters: 200, feature: 1
score:	0.683673
Locs:	194	122	179	182	37	351	166	31	99	0	13	126	232	208	154	5	26	7	274	171	201	53	282	0	128	117	202	181	9	127	343	107	195	264	66	180	29	165	154	195	282	5	5	237	285	233	100	165	276


the test of word: snow, with lenth: 4, iters: 200, feature: 1
score:	0.500000
Locs:	245	232	313	217	183	413	299	343	368	20	21	201	279	0	251	24	32	148	294	0	244	78	321	91	339	136	223	192	265	152	348	167	266	321	123	233	102	228	167	306	359	263	263	363	357	244	125	209	0


the test of word: snow, with lenth: 4, iters: 200, feature: 1
score:	0.500000
Locs:	245	232	313	217	183	413	299	343	368	20	21	201	279	0	251	24	32	148	294	0	244	78	321	91	339	136	223	192	265	152	348	167	266	321	123	233	102	228	167	306	359	263	263	363	357	244	125	209	238


the test of word: snow, with lenth: 4, iters: 200, feature: 1
score:	0.683673
Locs:	194	122	179	182	37	351	166	31	99	0	13	126	232	208	154	5	26	7	274	171	201	53	282	0	128	117	202	181	9	127	343	107	195	264	66	180	29	165	154	195	282	5	5	237	285	233	100	165	276


the test of word: snow, with lenth: 4, iters: 200, feature: 1
score:	0.500000
Locs:	245	232	313	217	183	413	299	343	368	20	21	201	279	0	251	24	32	148	294	0	244	78	321	91	339	136	223	192	265	152	348	167	266	321	123	233	102	228	167	306	359	263	263	363	357	244	125	209	0


the test of word: snow, with lenth: 4, iters: 200, feature: 1
score:	0.500000
Locs:	245	232	313	217	183	413	299	343	368	20	21	201	279	0	251	24	32	148	294	0	244	78	321	91	339	136	223	192	265	152	348	167	266	321	123	233	102	228	167	306	359	263	263	363	357	244	125	209	238


the test of word: snow, with lenth: 4, iters: 200, feature: 1
score:	0.683673
Locs:	194	122	179	182	37	351	166	31	99	0	13	126	232	208	154	5	26	7	274	171	201	53	282	0	128	117	202	181	9	127	343	107	195	264	66	180	29	165	154	195	282	5	5	237	285	233	100	165	276


the test of word: snow, with lenth: 4, iters: 200, feature: 1
score:	0.500000
Locs:	245	232	313	217	183	413	299	343	368	20	21	201	279	0	251	24	32	148	294	0	244	78	321	91	339	136	223	192	265	152	348	167	266	321	123	233	102	228	167	306	359	263	263	363	357	244	125	209	0


the test of word: snow, with lenth: 4, iters: 200, feature: 1
score:	0.500000
Locs:	245	232	313	217	183	413	299	343	368	20	21	201	279	0	251	24	32	148	294	0	244	78	321	91	339	136	223	192	265	152	348	167	266	321	123	233	102	228	167	306	359	263	263	363	357	244	125	209	238


the test of word: snow, with lenth: 4, iters: 200, feature: 1
score:	0.683673
Locs:	194	122	179	182	37	351	166	31	99	0	13	126	232	208	154	5	26	7	274	171	201	53	282	0	128	117	202	181	9	127	343	107	195	264	66	180	29	165	154	195	282	5	5	237	285	233	100	165	276


the test of word: snow, with lenth: 4, iters: 200, feature: 1
score:	0.500000
Locs:	245	232	313	217	183	413	299	343	368	20	21	201	279	0	251	24	32	148	294	0	244	78	321	91	339	136	223	192	265	152	348	167	266	321	123	233	102	228	167	306	359	263	263	363	357	244	125	209	0


the test of word: snow, with lenth: 4, iters: 200, feature: 1
score:	0.500000
Locs:	245	232	313	217	183	413	299	343	368	20	21	201	279	0	251	24	32	148	294	0	244	78	321	91	339	136	223	192	265	152	348	167	266	321	123	233	102	228	167	306	359	263	263	363	357	244	125	209	238


the test of word: snow, with lenth: 4, iters: 200, feature: 1
score:	0.683673
Locs:	194	122	179	182	37	351	166	31	99	0	13	126	232	208	154	5	26	7	274	171	201	53	282	0	128	117	202	181	9	127	343	107	195	264	66	180	29	165	154	195	282	5	5	237	285	233	100	165	276


the test of word: snow, with lenth: 4, iters: 200, feature: 1
score:	0.500000
Locs:	245	232	313	217	183	413	299	343	368	20	21	201	279	0	251	24	32	148	294	0	244	78	321	91	339	136	223	192	265	152	348	167	266	321	123	233	102	228	167	306	359	263	263	363	357	244	125	209	0


the test of word: snow, with lenth: 4, iters: 200, feature: 1
score:	0.500000
Locs:	245	232	313	217	183	413	299	343	368	20	21	201	279	0	251	24	32	148	294	0	244	78	321	91	339	136	223	192	265	152	348	167	266	321	123	233	102	228	167	306	359	263	263	363	357	244	125	209	238


the test of word: snow, with lenth: 4, iters: 200, feature: 1
score:	0.683673
Locs:	194	122	179	182	37	351	166	31	99	0	13	126	232	208	154	5	26	7	274	171	201	53	282	0	128	117	202	181	9	127	343	107	195	264	66	180	29	165	154	195	282	5	5	237	285	233	100	165	276

